239 300 221

1 25 855 0 288 8 240
2 25 855 0 288 16 480
3 24 1750 0 168 2 60
4 7 1912 0 96 12.6 378
5 9 347 0 432 0.6 12
6 3 1917 0 48 7.2 216
7 9 346 0 432 0.6 12
8 9 610 0 528 0.6 18
9 9 614 0 528 0.6 18
10 9 310 0 192 0.8 24
11 9 348 0 432 0.6 12
12 9 613 0 528 0.6 18
13 4 1919 0 96 1.5 45
14 30 1631 0 72 6.4 64
15 2 615 0 96 6 60
16 2 615 0 96 7 70
17 2 615 0 648 3.5 35
18 2 615 0 648 4 40
19 16 310 0 312 4 120
20 16 311 0 312 4 120
21 16 312 0 312 4 120
22 16 313 0 312 4 120
23 16 314 0 312 4 120
24 16 315 0 312 4 120
25 16 386 0 312 3 60
26 16 387 0 312 3 60
27 16 394 0 312 3 60
28 17 518 0 312 30.1 1204
29 16 553 0 312 4.5 180
30 15 182 0 168 4 120
31 15 182 0 648 1 30
32 19 402 0 336 4.2 126
33 19 406 0 336 4.2 126
34 19 414 0 336 4.2 126
35 9 209 0 168 4 120
36 9 210 0 168 4 120
37 9 211 0 168 4 120
38 26 247 0 168 8 240
39 5 567 0 216 7.2 216
40 39 1082 0 72 7.2 216
41 39 284 0 72 7.2 216
42 39 292 0 72 7.2 216
43 39 283 0 72 7.2 216
44 39 287 0 72 7.2 216
45 39 291 0 72 7.2 216
46 39 289 0 72 7.2 216
47 39 290 0 72 7.2 216
48 39 615 0 72 3.2 32
49 39 286 0 72 7.2 216
50 39 285 0 72 7.2 216
51 39 1077 0 72 7.2 216
52 39 1081 0 72 7.2 216
53 39 1078 0 72 7.2 216
54 39 1080 0 72 7.2 216
55 39 1079 0 72 7.2 216
56 39 293 0 72 7.2 288
57 39 288 0 72 7.2 216
58 34 735 0 72 7.2 216
59 34 729 0 72 7.2 144
60 34 730 0 72 7.2 144
61 34 741 0 72 7.2 144
62 34 742 0 72 7.2 144
63 34 733 0 72 7.2 144
64 34 736 0 72 7.2 216
65 34 737 0 72 7.2 216
66 34 615 0 72 3.2 32
67 34 732 0 72 7.2 144
68 34 734 0 72 7.2 144
69 34 733 0 72 7.2 144
70 34 612 0 72 7.2 216
71 34 607 0 72 7.2 216
72 34 613 0 72 7.2 216
73 34 614 0 72 7.2 216
74 34 611 0 72 7.2 216
75 34 610 0 72 7.2 216
76 34 608 0 72 7.2 216
77 34 732 0 72 7.2 144
78 34 731 0 72 7.2 144
79 34 609 0 72 7.2 216
80 38 615 0 72 6.4 64
81 38 352 0 72 7.2 216
82 38 351 0 72 7.2 216
83 38 263 0 72 7.2 216
84 38 262 0 72 7.2 216
85 38 358 0 72 7.2 216
86 38 357 0 72 7.2 216
87 38 356 0 72 7.2 216
88 38 726 0 72 7.2 144
89 38 739 0 72 7.2 144
90 38 324 0 72 7.2 216
91 38 740 0 72 7.2 144
92 38 727 0 72 7.2 144
93 38 506 0 72 7.2 216
94 38 728 0 72 7.2 144
95 38 344 0 72 7.2 216
96 38 500 0 72 7.2 216
97 38 350 0 72 7.2 216
98 38 323 0 72 7.2 216
99 38 507 0 72 7.2 216
100 38 505 0 72 7.2 216
101 38 504 0 72 7.2 216
102 38 503 0 72 7.2 216
103 38 501 0 72 7.2 216
104 38 502 0 72 7.2 216
105 38 322 0 72 7.2 216
106 38 349 0 72 7.2 216
107 33 615 0 72 6.4 64
108 33 657 0 72 7.2 216
109 33 658 0 72 7.2 216
110 33 659 0 72 7.2 216
111 33 654 0 72 7.2 216
112 33 655 0 72 7.2 216
113 33 656 0 72 7.2 216
114 44 178 0 72 7.2 216
115 44 183 0 72 7.2 216
116 44 179 0 72 7.2 216
117 44 181 0 72 7.2 288
118 44 177 0 72 7.2 216
119 44 182 0 72 7.2 216
120 44 615 0 72 6.4 64
121 45 221 0 72 7.2 216
122 45 222 0 72 7.2 216
123 45 223 0 72 7.2 216
124 45 615 0 72 6.4 64
125 45 220 0 72 7.2 216
126 51 212 0 72 7.2 216
127 51 549 0 72 7.2 216
128 51 548 0 72 7.2 144
129 51 200 0 72 7.2 216
130 51 199 0 72 7.2 216
131 51 198 0 72 7.2 216
132 51 615 0 72 6.4 64
133 51 201 0 72 7.2 216
134 52 625 0 72 7.2 216
135 52 615 0 72 6.4 64
136 52 624 0 72 7.2 216
137 52 661 0 72 7.2 216
138 52 623 0 72 7.2 216
139 52 633 0 72 7.2 216
140 52 663 0 72 7.2 216
141 52 666 0 72 7.2 216
142 52 664 0 72 7.2 216
143 52 665 0 72 7.2 216
144 52 662 0 72 7.2 216
145 50 532 0 72 7.2 216
146 50 531 0 72 7.2 216
147 50 615 0 72 6.4 64
148 50 535 0 72 7.2 288
149 50 517 0 72 7.2 144
150 29 815 0 24 1.8 54
151 29 815 0 288 1.1 33
152 29 817 0 288 1.1 33
153 29 843 0 288 1.3 39
154 29 844 0 288 1.3 39
155 13 765 0 216 2.5 50
156 11 896 0 288 7.6 228
157 11 897 0 288 7.6 228
158 11 1751 0 288 7.6 228
159 12 897 0 144 4 120
160 12 1113 0 168 3.5 140
161 29 1804 0 288 3.6 36
162 29 1753 0 288 4 40
163 29 1710 0 288 8 80
164 29 1631 0 24 6 60
165 29 1693 0 168 12 120
166 29 1631 0 24 4 40
167 29 991 0 240 6 60
168 29 1820 0 288 0.3 6
169 29 1821 0 288 0.3 6
170 29 1631 0 24 4 40
171 29 937 0 264 14 140
172 29 1763 0 288 8 320
173 27 1755 0 312 8 240
174 23 1723 0 264 1 30
175 23 1723 0 264 1 30
176 22 1163 0 168 1.5 45
177 22 1163 0 168 3 90
178 27 1631 0 72 14 140
179 27 1632 0 432 2 20
180 42 1631 0 72 6.4 64
181 47 1631 0 72 6.4 64
182 40 1631 0 72 6.4 64
183 35 1631 0 72 6.4 64
184 43 1631 0 72 7.2 72
185 41 1631 0 72 7.2 72
186 31 1631 0 72 6.4 64
187 48 1631 0 72 6.4 64
188 36 1631 0 72 6.4 64
189 46 1631 0 72 6.4 64
190 37 1631 0 72 6.4 64
191 49 1631 0 72 6.4 64
192 32 1631 0 72 6.4 64
193 8 1974 0 384 13.6 408
194 8 1968 0 48 12.4 372
195 6 1949 0 192 7.2 216
196 4 1958 0 96 0.9 27
197 28 615 0 0 14 140
198 21 1900 0 384 12 360
199 10 40 0 144 10 300
200 10 85 0 72 12 240
201 29 1670 0 0 6 60
202 29 1671 0 0 7.2 288
203 29 1672 0 0 7.2 288
204 29 1673 0 0 7.2 288
205 29 1674 0 0 7.2 288
206 29 1675 0 0 7.2 288
207 29 1676 0 0 7.2 288
208 29 977 0 72 7.2 216
209 29 974 0 72 7.2 216
210 29 975 0 72 7.2 216
211 29 976 0 72 7.2 216
212 29 978 0 72 7.2 216
213 29 979 0 72 7.2 216
214 29 981 0 72 7.2 216
215 29 962 0 72 1 10
216 29 980 0 72 7.2 216
217 22 1424 0 216 12.8 512
218 14 1671 0 168 6 240
219 14 1672 0 168 6 240
220 14 1673 0 168 6 240
221 14 1674 0 168 6 240
222 14 1676 0 168 6 240
223 13 1661 0 360 4 160
224 13 1662 0 360 4 160
225 13 1663 0 360 4 160
226 13 1664 0 360 4 160
227 13 1665 0 360 4 160
228 13 1666 0 360 4 160
229 13 1667 0 360 4 160
230 13 1668 0 360 4 160
231 13 1673 0 216 7.2 288
232 13 1651 0 168 8 240
233 13 1652 0 168 8 240
234 13 1653 0 168 8 320
235 13 1654 0 168 8 320
236 13 1655 0 168 8 320
237 13 1656 0 168 8 320
238 13 1657 0 168 8 320
239 13 1658 0 168 8 320
240 13 1659 0 168 8 320
241 1 812 0 72 4.5 45
242 16 668 0 312 6.4 256
243 16 669 0 312 6.4 256
244 16 668 0 216 6.4 256
245 17 518 0 168 7.2 288
246 19 434 0 360 7.2 72
247 4 1976 24 72 4 120
248 9 643 24 312 0.8 24
249 10 74 24 456 1.2 24
250 20 1506 24 336 14.1 282
251 20 1506 24 336 14.1 282
252 20 1529 24 240 14.1 282
253 20 1529 24 240 14.1 282
254 20 1527 24 336 14.1 282
255 20 1527 24 336 14.1 282
256 20 1530 24 336 14.1 282
257 20 1530 24 336 14.1 282
258 20 1538 24 336 14.1 282
259 20 1538 24 336 14.1 282
260 30 1631 24 96 7.2 72
261 15 544 24 336 3 60
262 15 515 24 336 3 60
263 15 515 24 672 2 40
264 15 215 24 240 7.2 216
265 15 216 24 240 7.2 216
266 15 238 24 240 7.2 216
267 15 694 24 240 7.2 216
268 15 694 24 672 2 60
269 16 259 24 336 7.2 216
270 16 263 24 336 7.2 216
271 16 265 24 336 7.2 216
272 15 267 24 336 7.2 216
273 17 270 24 336 3 90
274 17 272 24 336 3 90
275 17 273 24 336 3 90
276 17 274 24 336 3 90
277 17 278 24 336 3 90
278 17 279 24 336 3 90
279 18 285 24 336 7.2 216
280 16 720 24 336 4 120
281 16 722 24 336 4 120
282 16 360 24 336 4 120
283 16 318 24 336 4 120
284 16 650 24 336 4 120
285 16 488 24 336 3 90
286 16 489 24 336 3 90
287 16 480 24 336 3 90
288 16 481 24 336 3 90
289 16 482 24 336 3 90
290 15 248 24 240 4 120
291 16 367 24 456 3 60
292 16 372 24 456 3 60
293 16 373 24 456 3 60
294 16 377 24 456 3 60
295 16 382 24 456 3 60
296 16 383 24 456 3 60
297 16 384 24 456 3 60
298 16 391 24 456 3 60
299 16 392 24 456 3 60
300 16 393 24 456 3 60

1 1 1 672
2 2 2 672
3 2 2 672
4 2 2 672
5 3 2 672
6 4 1 672
7 5 1 672
8 6 1 672
9 7 2 672
10 7 2 672
11 8 2 672
12 8 2 672
13 8 2 672
14 9 2 672
15 9 2 672
16 10 2 672
17 10 2 672
18 10 2 672
19 11 2 672
20 11 2 672
21 11 2 672
22 12 2 672
23 13 1 672
24 13 1 672
25 13 1 672
26 13 1 672
27 13 1 672
28 13 1 672
29 13 1 672
30 13 1 672
31 13 1 672
32 13 1 672
33 13 1 672
34 13 1 672
35 14 2 672
36 14 2 672
37 14 2 672
38 14 2 672
39 15 2 672
40 15 2 672
41 15 2 672
42 15 2 672
43 15 2 672
44 15 2 672
45 16 2 672
46 16 2 672
47 16 2 672
48 16 2 672
49 16 2 672
50 16 2 672
51 16 2 672
52 16 2 672
53 16 2 672
54 16 2 672
55 16 2 672
56 16 2 672
57 16 2 672
58 16 2 672
59 16 2 672
60 17 1 672
61 17 1 672
62 17 1 672
63 17 1 672
64 17 1 672
65 17 1 672
66 18 2 672
67 19 2 672
68 19 2 672
69 19 2 672
70 20 1 672
71 20 1 672
72 20 1 672
73 20 1 672
74 20 1 672
75 20 1 672
76 20 1 672
77 20 1 672
78 20 1 672
79 20 1 672
80 20 1 672
81 20 1 672
82 20 1 672
83 20 1 672
84 20 1 672
85 21 2 672
86 21 2 672
87 22 2 672
88 22 2 672
89 23 2 672
90 24 1 672
91 25 2 672
92 25 2 672
93 25 2 672
94 26 2 672
95 27 1 672
96 27 1 672
97 27 1 672
98 28 1 672
99 28 1 672
100 29 1 672
101 29 1 672
102 29 1 672
103 29 1 672
104 29 1 672
105 29 1 672
106 29 1 672
107 29 1 672
108 29 1 672
109 29 1 672
110 29 1 672
111 29 1 672
112 29 1 672
113 29 1 672
114 29 1 672
115 29 1 672
116 29 1 672
117 29 1 672
118 29 1 672
119 29 1 672
120 30 2 672
121 30 2 672
122 31 2 672
123 32 1 672
124 33 2 672
125 33 2 672
126 33 2 672
127 33 2 672
128 33 2 672
129 33 2 672
130 34 1 672
131 34 1 672
132 34 1 672
133 34 1 672
134 34 1 672
135 34 1 672
136 34 1 672
137 34 1 672
138 34 1 672
139 34 1 672
140 34 1 672
141 34 1 672
142 34 1 672
143 34 1 672
144 34 1 672
145 34 1 672
146 34 1 672
147 35 1 672
148 36 1 672
149 37 2 672
150 38 2 672
151 38 2 672
152 38 2 672
153 38 2 672
154 38 2 672
155 38 2 672
156 38 2 672
157 38 2 672
158 38 2 672
159 38 2 672
160 38 2 672
161 38 2 672
162 38 2 672
163 38 2 672
164 38 2 672
165 38 2 672
166 38 2 672
167 38 2 672
168 38 2 672
169 38 2 672
170 38 2 672
171 39 2 672
172 39 2 672
173 39 2 672
174 39 2 672
175 39 2 672
176 39 2 672
177 39 2 672
178 39 2 672
179 39 2 672
180 39 2 672
181 39 2 672
182 39 2 672
183 39 2 672
184 39 2 672
185 40 1 672
186 41 1 672
187 42 2 672
188 43 2 672
189 44 1 672
190 44 1 672
191 44 1 672
192 44 1 672
193 44 1 672
194 44 1 672
195 45 1 672
196 45 1 672
197 45 1 672
198 45 1 672
199 46 1 672
200 47 2 672
201 48 2 672
202 49 2 672
203 50 1 672
204 50 1 672
205 50 1 672
206 50 1 672
207 51 1 672
208 51 1 672
209 51 1 672
210 51 1 672
211 51 1 672
212 51 1 672
213 52 1 672
214 52 1 672
215 52 1 672
216 52 1 672
217 52 1 672
218 52 1 672
219 52 1 672
220 52 1 672
221 52 1 672
