# STEP 3 (v3) — Coelho's ORIGINAL instance solved with OUR objective
# per-job rho draws regenerated at runtime (seed=42, row order); mean_V computed at solve time
# Instance 13 — LTPMSP_01_00600_00165_00329.txt  theta_inst=0.488544
# Total objective: 12727.9121  (base=4480.0000 + degradation=8247.9121)
# Gap: 6.2304%   Status: TIME_LIMIT
# Q=329 N=600 M=165 BIG_M=2232.0
#
# --- y[i]: job internally-scheduled indicator ---
y 0 1
y 1 1
y 2 1
y 3 1
y 4 1
y 5 1
y 6 1
y 7 1
y 8 1
y 9 1
y 10 1
y 11 1
y 12 1
y 13 1
y 14 1
y 15 1
y 16 1
y 17 1
y 18 1
y 19 1
y 20 1
y 21 1
y 22 1
y 23 1
y 24 1
y 25 1
y 26 1
y 27 1
y 28 1
y 29 1
y 30 1
y 31 1
y 32 1
y 33 1
y 34 1
y 35 1
y 36 1
y 37 1
y 38 1
y 39 1
y 40 1
y 41 1
y 42 1
y 43 1
y 44 0
y 45 1
y 46 1
y 47 1
y 48 1
y 49 1
y 50 1
y 51 1
y 52 1
y 53 1
y 54 1
y 55 1
y 56 1
y 57 1
y 58 1
y 59 1
y 60 1
y 61 1
y 62 1
y 63 1
y 64 1
y 65 1
y 66 1
y 67 1
y 68 1
y 69 1
y 70 1
y 71 1
y 72 1
y 73 1
y 74 1
y 75 1
y 76 1
y 77 1
y 78 1
y 79 1
y 80 1
y 81 1
y 82 1
y 83 1
y 84 1
y 85 1
y 86 1
y 87 1
y 88 1
y 89 1
y 90 1
y 91 1
y 92 1
y 93 1
y 94 1
y 95 1
y 96 1
y 97 1
y 98 1
y 99 1
y 100 1
y 101 1
y 102 1
y 103 1
y 104 1
y 105 1
y 106 1
y 107 1
y 108 1
y 109 1
y 110 1
y 111 1
y 112 1
y 113 1
y 114 1
y 115 1
y 116 1
y 117 1
y 118 1
y 119 1
y 120 1
y 121 1
y 122 1
y 123 1
y 124 1
y 125 1
y 126 1
y 127 1
y 128 1
y 129 0
y 130 0
y 131 0
y 132 0
y 133 0
y 134 0
y 135 1
y 136 1
y 137 1
y 138 1
y 139 1
y 140 1
y 141 1
y 142 1
y 143 1
y 144 1
y 145 1
y 146 1
y 147 1
y 148 1
y 149 1
y 150 1
y 151 1
y 152 1
y 153 1
y 154 1
y 155 1
y 156 1
y 157 1
y 158 1
y 159 1
y 160 1
y 161 1
y 162 1
y 163 1
y 164 0
y 165 1
y 166 0
y 167 1
y 168 1
y 169 1
y 170 1
y 171 1
y 172 1
y 173 1
y 174 1
y 175 1
y 176 1
y 177 1
y 178 1
y 179 1
y 180 1
y 181 1
y 182 1
y 183 1
y 184 1
y 185 1
y 186 1
y 187 1
y 188 1
y 189 1
y 190 1
y 191 1
y 192 1
y 193 1
y 194 1
y 195 1
y 196 1
y 197 1
y 198 1
y 199 1
y 200 1
y 201 1
y 202 1
y 203 1
y 204 1
y 205 1
y 206 1
y 207 1
y 208 1
y 209 1
y 210 1
y 211 1
y 212 1
y 213 1
y 214 1
y 215 1
y 216 1
y 217 1
y 218 1
y 219 1
y 220 1
y 221 1
y 222 1
y 223 1
y 224 1
y 225 1
y 226 1
y 227 1
y 228 1
y 229 1
y 230 1
y 231 1
y 232 1
y 233 1
y 234 1
y 235 1
y 236 1
y 237 1
y 238 1
y 239 1
y 240 1
y 241 1
y 242 1
y 243 1
y 244 1
y 245 1
y 246 1
y 247 1
y 248 1
y 249 1
y 250 1
y 251 1
y 252 1
y 253 1
y 254 1
y 255 1
y 256 1
y 257 1
y 258 1
y 259 1
y 260 1
y 261 1
y 262 1
y 263 1
y 264 1
y 265 1
y 266 1
y 267 1
y 268 1
y 269 1
y 270 1
y 271 1
y 272 1
y 273 1
y 274 1
y 275 1
y 276 1
y 277 1
y 278 1
y 279 1
y 280 1
y 281 1
y 282 1
y 283 1
y 284 1
y 285 1
y 286 1
y 287 1
y 288 1
y 289 1
y 290 1
y 291 1
y 292 1
y 293 1
y 294 1
y 295 1
y 296 1
y 297 1
y 298 1
y 299 1
y 300 1
y 301 1
y 302 1
y 303 1
y 304 1
y 305 1
y 306 1
y 307 1
y 308 1
y 309 1
y 310 1
y 311 0
y 312 1
y 313 1
y 314 1
y 315 1
y 316 1
y 317 1
y 318 1
y 319 1
y 320 1
y 321 1
y 322 1
y 323 1
y 324 1
y 325 0
y 326 1
y 327 1
y 328 1
y 329 1
y 330 1
y 331 1
y 332 1
y 333 1
y 334 1
y 335 1
y 336 1
y 337 1
y 338 1
y 339 1
y 340 1
y 341 1
y 342 1
y 343 1
y 344 1
y 345 1
y 346 1
y 347 1
y 348 1
y 349 1
y 350 1
y 351 1
y 352 1
y 353 1
y 354 1
y 355 1
y 356 1
y 357 1
y 358 1
y 359 1
y 360 1
y 361 1
y 362 1
y 363 1
y 364 1
y 365 1
y 366 1
y 367 1
y 368 1
y 369 1
y 370 1
y 371 1
y 372 1
y 373 1
y 374 1
y 375 1
y 376 1
y 377 1
y 378 1
y 379 1
y 380 1
y 381 1
y 382 1
y 383 1
y 384 1
y 385 0
y 386 0
y 387 0
y 388 0
y 389 0
y 390 0
y 391 1
y 392 1
y 393 1
y 394 1
y 395 1
y 396 1
y 397 1
y 398 1
y 399 1
y 400 1
y 401 1
y 402 1
y 403 1
y 404 1
y 405 1
y 406 1
y 407 1
y 408 1
y 409 1
y 410 1
y 411 1
y 412 1
y 413 1
y 414 1
y 415 1
y 416 1
y 417 1
y 418 1
y 419 1
y 420 1
y 421 1
y 422 1
y 423 1
y 424 1
y 425 1
y 426 1
y 427 1
y 428 1
y 429 1
y 430 1
y 431 1
y 432 1
y 433 1
y 434 1
y 435 1
y 436 1
y 437 1
y 438 1
y 439 1
y 440 0
y 441 1
y 442 1
y 443 1
y 444 1
y 445 1
y 446 1
y 447 1
y 448 1
y 449 1
y 450 1
y 451 1
y 452 1
y 453 1
y 454 1
y 455 1
y 456 1
y 457 1
y 458 1
y 459 1
y 460 1
y 461 1
y 462 1
y 463 1
y 464 1
y 465 1
y 466 1
y 467 1
y 468 1
y 469 1
y 470 1
y 471 1
y 472 1
y 473 1
y 474 1
y 475 1
y 476 1
y 477 1
y 478 1
y 479 1
y 480 1
y 481 1
y 482 1
y 483 1
y 484 1
y 485 1
y 486 1
y 487 1
y 488 1
y 489 1
y 490 1
y 491 1
y 492 1
y 493 1
y 494 1
y 495 1
y 496 1
y 497 1
y 498 1
y 499 1
y 500 1
y 501 1
y 502 1
y 503 1
y 504 0
y 505 1
y 506 1
y 507 1
y 508 1
y 509 1
y 510 1
y 511 1
y 512 1
y 513 1
y 514 1
y 515 1
y 516 1
y 517 1
y 518 1
y 519 1
y 520 1
y 521 1
y 522 1
y 523 1
y 524 1
y 525 1
y 526 1
y 527 0
y 528 1
y 529 1
y 530 1
y 531 1
y 532 1
y 533 1
y 534 1
y 535 1
y 536 1
y 537 1
y 538 1
y 539 1
y 540 1
y 541 1
y 542 1
y 543 1
y 544 1
y 545 1
y 546 1
y 547 1
y 548 1
y 549 1
y 550 1
y 551 1
y 552 1
y 553 1
y 554 1
y 555 1
y 556 1
y 557 1
y 558 1
y 559 1
y 560 1
y 561 1
y 562 1
y 563 1
y 564 1
y 565 1
y 566 1
y 567 1
y 568 1
y 569 1
y 570 1
y 571 1
y 572 1
y 573 1
y 574 1
y 575 1
y 576 1
y 577 1
y 578 1
y 579 1
y 580 1
y 581 1
y 582 1
y 583 1
y 584 1
y 585 1
y 586 1
y 587 1
y 588 1
y 589 1
y 590 1
y 591 1
y 592 1
y 593 1
y 594 1
y 595 1
y 596 1
y 597 1
y 598 1
y 599 1
# --- x[i,k]: job-to-crew assignment (only pairs with x=1 listed) ---
x 0 144 1
x 1 107 1
x 2 107 1
x 3 107 1
x 4 107 1
x 5 107 1
x 6 107 1
x 7 107 1
x 8 107 1
x 9 107 1
x 10 107 1
x 11 107 1
x 12 107 1
x 13 107 1
x 14 107 1
x 15 107 1
x 16 107 1
x 17 107 1
x 18 107 1
x 19 107 1
x 20 107 1
x 21 107 1
x 22 107 1
x 23 107 1
x 24 107 1
x 25 107 1
x 26 107 1
x 27 107 1
x 28 107 1
x 29 107 1
x 30 107 1
x 31 107 1
x 32 107 1
x 33 107 1
x 34 107 1
x 35 107 1
x 36 107 1
x 37 107 1
x 38 107 1
x 39 107 1
x 40 107 1
x 41 107 1
x 42 107 1
x 43 107 1
x 45 107 1
x 46 107 1
x 47 107 1
x 48 107 1
x 49 36 1
x 50 36 1
x 51 18 1
x 52 18 1
x 53 18 1
x 54 18 1
x 55 18 1
x 56 18 1
x 57 18 1
x 58 18 1
x 59 55 1
x 60 55 1
x 61 107 1
x 62 107 1
x 63 107 1
x 64 62 1
x 65 62 1
x 66 62 1
x 67 57 1
x 68 57 1
x 69 31 1
x 70 31 1
x 71 83 1
x 72 62 1
x 73 62 1
x 74 62 1
x 75 62 1
x 76 101 1
x 77 101 1
x 78 18 1
x 79 18 1
x 80 18 1
x 81 18 1
x 82 18 1
x 83 24 1
x 84 24 1
x 85 31 1
x 86 31 1
x 87 157 1
x 88 158 1
x 89 159 1
x 90 155 1
x 91 154 1
x 92 31 1
x 93 31 1
x 94 31 1
x 95 8 1
x 96 5 1
x 97 107 1
x 98 107 1
x 99 107 1
x 100 107 1
x 101 107 1
x 102 107 1
x 103 33 1
x 104 33 1
x 105 33 1
x 106 33 1
x 107 161 1
x 108 62 1
x 109 62 1
x 110 62 1
x 111 62 1
x 112 62 1
x 113 62 1
x 114 62 1
x 115 62 1
x 116 62 1
x 117 62 1
x 118 62 1
x 119 62 1
x 120 62 1
x 121 62 1
x 122 62 1
x 123 96 1
x 124 57 1
x 125 96 1
x 126 96 1
x 127 96 1
x 128 96 1
x 135 101 1
x 136 101 1
x 137 107 1
x 138 107 1
x 139 107 1
x 140 36 1
x 141 36 1
x 142 36 1
x 143 36 1
x 144 36 1
x 145 7 1
x 146 96 1
x 147 163 1
x 148 33 1
x 149 36 1
x 150 36 1
x 151 36 1
x 152 36 1
x 153 36 1
x 154 36 1
x 155 36 1
x 156 36 1
x 157 33 1
x 158 33 1
x 159 33 1
x 160 33 1
x 161 33 1
x 162 33 1
x 163 33 1
x 165 1 1
x 167 1 1
x 168 18 1
x 169 18 1
x 170 18 1
x 171 18 1
x 172 23 1
x 173 46 1
x 174 46 1
x 175 46 1
x 176 46 1
x 177 46 1
x 178 46 1
x 179 107 1
x 180 107 1
x 181 107 1
x 182 62 1
x 183 57 1
x 184 81 1
x 185 81 1
x 186 81 1
x 187 81 1
x 188 81 1
x 189 81 1
x 190 81 1
x 191 81 1
x 192 81 1
x 193 81 1
x 194 83 1
x 195 83 1
x 196 88 1
x 197 88 1
x 198 83 1
x 199 83 1
x 200 81 1
x 201 81 1
x 202 81 1
x 203 81 1
x 204 81 1
x 205 81 1
x 206 81 1
x 207 81 1
x 208 81 1
x 209 81 1
x 210 81 1
x 211 81 1
x 212 81 1
x 213 81 1
x 214 81 1
x 215 81 1
x 216 81 1
x 217 81 1
x 218 62 1
x 219 62 1
x 220 0 1
x 221 0 1
x 222 0 1
x 223 157 1
x 224 155 1
x 225 154 1
x 226 150 1
x 227 0 1
x 228 83 1
x 229 83 1
x 230 8 1
x 231 161 1
x 232 96 1
x 233 96 1
x 234 96 1
x 235 96 1
x 236 57 1
x 237 57 1
x 238 57 1
x 239 57 1
x 240 96 1
x 241 107 1
x 242 107 1
x 243 107 1
x 244 107 1
x 245 107 1
x 246 101 1
x 247 101 1
x 248 101 1
x 249 101 1
x 250 101 1
x 251 101 1
x 252 101 1
x 253 101 1
x 254 46 1
x 255 46 1
x 256 46 1
x 257 46 1
x 258 28 1
x 259 29 1
x 260 27 1
x 261 22 1
x 262 23 1
x 263 25 1
x 264 26 1
x 265 88 1
x 266 88 1
x 267 88 1
x 268 36 1
x 269 36 1
x 270 36 1
x 271 36 1
x 272 36 1
x 273 8 1
x 274 7 1
x 275 163 1
x 276 1 1
x 277 144 1
x 278 144 1
x 279 144 1
x 280 144 1
x 281 144 1
x 282 144 1
x 283 107 1
x 284 107 1
x 285 107 1
x 286 107 1
x 287 107 1
x 288 107 1
x 289 107 1
x 290 107 1
x 291 107 1
x 292 107 1
x 293 107 1
x 294 107 1
x 295 107 1
x 296 107 1
x 297 107 1
x 298 107 1
x 299 107 1
x 300 107 1
x 301 107 1
x 302 107 1
x 303 107 1
x 304 107 1
x 305 107 1
x 306 107 1
x 307 107 1
x 308 107 1
x 309 107 1
x 310 107 1
x 312 107 1
x 313 107 1
x 314 107 1
x 315 55 1
x 316 55 1
x 317 36 1
x 318 36 1
x 319 36 1
x 320 33 1
x 321 33 1
x 322 1 1
x 323 1 1
x 324 1 1
x 326 46 1
x 327 46 1
x 328 46 1
x 329 107 1
x 330 88 1
x 331 88 1
x 332 83 1
x 333 57 1
x 334 33 1
x 335 33 1
x 336 81 1
x 337 81 1
x 338 81 1
x 339 81 1
x 340 81 1
x 341 88 1
x 342 88 1
x 343 88 1
x 344 88 1
x 345 88 1
x 346 88 1
x 347 101 1
x 348 18 1
x 349 18 1
x 350 18 1
x 351 18 1
x 352 18 1
x 353 18 1
x 354 18 1
x 355 18 1
x 356 18 1
x 357 158 1
x 358 159 1
x 359 159 1
x 360 148 1
x 361 148 1
x 362 153 1
x 363 153 1
x 364 153 1
x 365 153 1
x 366 153 1
x 367 151 1
x 368 151 1
x 369 150 1
x 370 150 1
x 371 150 1
x 372 150 1
x 373 21 1
x 374 5 1
x 375 55 1
x 376 5 1
x 377 107 1
x 378 107 1
x 379 107 1
x 380 5 1
x 381 5 1
x 382 161 1
x 383 96 1
x 384 5 1
x 391 5 1
x 392 101 1
x 393 101 1
x 394 46 1
x 395 46 1
x 396 46 1
x 397 46 1
x 398 46 1
x 399 46 1
x 400 46 1
x 401 46 1
x 402 46 1
x 403 46 1
x 404 46 1
x 405 46 1
x 406 46 1
x 407 46 1
x 408 46 1
x 409 46 1
x 410 46 1
x 411 46 1
x 412 107 1
x 413 107 1
x 414 107 1
x 415 36 1
x 416 36 1
x 417 36 1
x 418 36 1
x 419 36 1
x 420 36 1
x 421 88 1
x 422 7 1
x 423 163 1
x 424 147 1
x 425 19 1
x 426 144 1
x 427 107 1
x 428 107 1
x 429 107 1
x 430 107 1
x 431 107 1
x 432 107 1
x 433 107 1
x 434 107 1
x 435 107 1
x 436 107 1
x 437 107 1
x 438 107 1
x 439 107 1
x 441 107 1
x 442 107 1
x 443 107 1
x 444 107 1
x 445 107 1
x 446 107 1
x 447 107 1
x 448 107 1
x 449 107 1
x 450 107 1
x 451 107 1
x 452 107 1
x 453 107 1
x 454 107 1
x 455 107 1
x 456 107 1
x 457 107 1
x 458 107 1
x 459 107 1
x 460 107 1
x 461 107 1
x 462 107 1
x 463 107 1
x 464 107 1
x 465 107 1
x 466 107 1
x 467 107 1
x 468 107 1
x 469 107 1
x 470 107 1
x 471 107 1
x 472 107 1
x 473 107 1
x 474 107 1
x 475 107 1
x 476 107 1
x 477 107 1
x 478 107 1
x 479 107 1
x 480 107 1
x 481 107 1
x 482 107 1
x 483 107 1
x 484 107 1
x 485 107 1
x 486 107 1
x 487 107 1
x 488 107 1
x 489 107 1
x 490 107 1
x 491 107 1
x 492 107 1
x 493 107 1
x 494 107 1
x 495 107 1
x 496 107 1
x 497 107 1
x 498 107 1
x 499 107 1
x 500 107 1
x 501 107 1
x 502 107 1
x 503 107 1
x 505 107 1
x 506 107 1
x 507 107 1
x 508 107 1
x 509 107 1
x 510 107 1
x 511 107 1
x 512 107 1
x 513 107 1
x 514 107 1
x 515 107 1
x 516 107 1
x 517 107 1
x 518 107 1
x 519 107 1
x 520 107 1
x 521 107 1
x 522 107 1
x 523 107 1
x 524 107 1
x 525 107 1
x 526 107 1
x 528 107 1
x 529 107 1
x 530 107 1
x 531 107 1
x 532 36 1
x 533 36 1
x 534 36 1
x 535 36 1
x 536 36 1
x 537 1 1
x 538 1 1
x 539 18 1
x 540 18 1
x 541 18 1
x 542 46 1
x 543 46 1
x 544 46 1
x 545 107 1
x 546 83 1
x 547 83 1
x 548 88 1
x 549 88 1
x 550 88 1
x 551 88 1
x 552 57 1
x 553 57 1
x 554 62 1
x 555 88 1
x 556 88 1
x 557 88 1
x 558 88 1
x 559 88 1
x 560 88 1
x 561 88 1
x 562 101 1
x 563 101 1
x 564 106 1
x 565 18 1
x 566 18 1
x 567 24 1
x 568 24 1
x 569 25 1
x 570 20 1
x 571 20 1
x 572 20 1
x 573 157 1
x 574 157 1
x 575 158 1
x 576 155 1
x 577 151 1
x 578 8 1
x 579 55 1
x 580 83 1
x 581 83 1
x 582 107 1
x 583 107 1
x 584 55 1
x 585 161 1
x 586 62 1
x 587 96 1
x 588 96 1
x 589 57 1
x 590 57 1
x 591 81 1
x 592 96 1
x 593 96 1
x 594 54 1
x 595 81 1
x 596 162 1
x 597 36 1
x 598 163 1
x 599 88 1
# --- z[k]: crew activation indicator ---
z 0 1
z 1 1
z 2 0
z 3 0
z 4 0
z 5 1
z 6 0
z 7 1
z 8 1
z 9 0
z 10 0
z 11 0
z 12 0
z 13 0
z 14 0
z 15 0
z 16 0
z 17 0
z 18 1
z 19 1
z 20 1
z 21 1
z 22 1
z 23 1
z 24 1
z 25 1
z 26 1
z 27 1
z 28 1
z 29 1
z 30 0
z 31 1
z 32 0
z 33 1
z 34 0
z 35 0
z 36 1
z 37 0
z 38 0
z 39 0
z 40 0
z 41 0
z 42 0
z 43 0
z 44 0
z 45 0
z 46 1
z 47 0
z 48 0
z 49 0
z 50 0
z 51 0
z 52 0
z 53 0
z 54 1
z 55 1
z 56 0
z 57 1
z 58 0
z 59 0
z 60 0
z 61 0
z 62 1
z 63 0
z 64 0
z 65 0
z 66 0
z 67 0
z 68 0
z 69 0
z 70 0
z 71 0
z 72 0
z 73 0
z 74 0
z 75 0
z 76 0
z 77 0
z 78 0
z 79 0
z 80 0
z 81 1
z 82 0
z 83 1
z 84 0
z 85 0
z 86 0
z 87 0
z 88 1
z 89 0
z 90 0
z 91 0
z 92 0
z 93 0
z 94 0
z 95 0
z 96 1
z 97 0
z 98 0
z 99 0
z 100 0
z 101 1
z 102 0
z 103 0
z 104 0
z 105 0
z 106 1
z 107 1
z 108 0
z 109 0
z 110 0
z 111 0
z 112 0
z 113 0
z 114 0
z 115 0
z 116 0
z 117 0
z 118 0
z 119 0
z 120 0
z 121 0
z 122 0
z 123 0
z 124 0
z 125 0
z 126 0
z 127 0
z 128 0
z 129 0
z 130 0
z 131 0
z 132 0
z 133 0
z 134 0
z 135 0
z 136 0
z 137 0
z 138 0
z 139 0
z 140 0
z 141 0
z 142 0
z 143 0
z 144 1
z 145 0
z 146 0
z 147 1
z 148 1
z 149 0
z 150 1
z 151 1
z 152 0
z 153 1
z 154 1
z 155 1
z 156 0
z 157 1
z 158 1
z 159 1
z 160 0
z 161 1
z 162 1
z 163 1
z 164 0
# --- t[i]: scheduled start time ---
t 0 64.8000
t 1 0.0000
t 2 16.8000
t 3 0.0000
t 4 0.0000
t 5 0.0000
t 6 0.0000
t 7 0.0000
t 8 0.0000
t 9 0.0000
t 10 16.8000
t 11 0.0000
t 12 0.0000
t 13 0.0000
t 14 0.0000
t 15 0.0000
t 16 0.0000
t 17 0.0000
t 18 0.0000
t 19 0.0000
t 20 0.0000
t 21 0.0000
t 22 172.2000
t 23 0.0000
t 24 0.0000
t 25 0.0000
t 26 0.0000
t 27 0.0000
t 28 0.0000
t 29 0.0000
t 30 0.0000
t 31 0.0000
t 32 12.8000
t 33 0.0000
t 34 0.0000
t 35 0.0000
t 36 0.0000
t 37 16.8000
t 38 0.0000
t 39 0.0000
t 40 0.0000
t 41 0.0000
t 42 0.0000
t 43 0.0000
t 44 0.0000
t 45 0.0000
t 46 0.0000
t 47 0.0000
t 48 167.6000
t 49 0.0000
t 50 0.0000
t 51 0.0000
t 52 0.0000
t 53 0.0000
t 54 0.0000
t 55 0.0000
t 56 0.0000
t 57 0.0000
t 58 0.0000
t 59 0.0000
t 60 0.0000
t 61 0.0000
t 62 166.7000
t 63 0.0000
t 64 0.0000
t 65 0.0000
t 66 0.0000
t 67 0.0000
t 68 0.0000
t 69 0.0000
t 70 417.5000
t 71 59.2000
t 72 0.0000
t 73 107.2000
t 74 12.8000
t 75 0.0000
t 76 643.5000
t 77 0.0000
t 78 0.0000
t 79 0.0000
t 80 0.0000
t 81 0.0000
t 82 0.0000
t 83 214.5000
t 84 0.0000
t 85 144.0000
t 86 158.4000
t 87 0.0000
t 88 0.0000
t 89 0.0000
t 90 0.0000
t 91 41.6000
t 92 210.2000
t 93 225.4000
t 94 148.5000
t 95 0.0000
t 96 0.0000
t 97 0.0000
t 98 0.0000
t 99 0.0000
t 100 0.0000
t 101 0.0000
t 102 0.0000
t 103 0.0000
t 104 0.0000
t 105 0.0000
t 106 0.0000
t 107 20.8000
t 108 0.0000
t 109 160.8000
t 110 160.8000
t 111 0.0000
t 112 0.0000
t 113 160.8000
t 114 160.8000
t 115 160.8000
t 116 160.8000
t 117 160.8000
t 118 160.8000
t 119 0.0000
t 120 0.0000
t 121 0.0000
t 122 0.0000
t 123 64.8000
t 124 0.0000
t 125 0.0000
t 126 0.0000
t 127 0.0000
t 128 0.0000
t 129 0.0000
t 130 0.0000
t 131 0.0000
t 132 0.0000
t 133 0.0000
t 134 0.0000
t 135 425.6000
t 136 0.0000
t 137 0.0000
t 138 0.0000
t 139 23.0000
t 140 7.2000
t 141 208.8000
t 142 14.4000
t 143 194.4000
t 144 0.0000
t 145 0.0000
t 146 0.0000
t 147 0.0000
t 148 160.8000
t 149 24.0000
t 150 31.2000
t 151 168.0001
t 152 79.2000
t 153 184.8000
t 154 24.0000
t 155 164.8000
t 156 184.8000
t 157 195.0000
t 158 24.0000
t 159 24.0000
t 160 24.0000
t 161 24.0000
t 162 24.0000
t 163 24.0000
t 164 0.0000
t 165 129.6000
t 166 0.0000
t 167 28.0000
t 168 24.0000
t 169 24.0000
t 170 24.0000
t 171 24.0000
t 172 24.0000
t 173 24.0000
t 174 24.0000
t 175 24.0000
t 176 24.0000
t 177 24.0000
t 178 40.8000
t 179 24.0000
t 180 24.0000
t 181 24.0000
t 182 24.0000
t 183 24.0000
t 184 172.0000
t 185 63.4000
t 186 95.2000
t 187 148.0000
t 188 24.0000
t 189 185.6000
t 190 172.8000
t 191 154.4000
t 192 44.2000
t 193 24.0000
t 194 72.8000
t 195 246.4000
t 196 24.0000
t 197 30.4000
t 198 161.6000
t 199 24.0000
t 200 79.2000
t 201 83.2000
t 202 79.2000
t 203 83.2000
t 204 89.6000
t 205 29.7000
t 206 43.2000
t 207 80.0000
t 208 64.2000
t 209 76.8000
t 210 24.0000
t 211 158.4000
t 212 96.0000
t 213 42.5000
t 214 48.9000
t 215 36.8000
t 216 24.0000
t 217 30.4000
t 218 281.6000
t 219 256.0000
t 220 24.0000
t 221 24.0000
t 222 24.0000
t 223 89.6000
t 224 24.0000
t 225 24.0000
t 226 89.6000
t 227 24.0000
t 228 188.0000
t 229 55.2000
t 230 24.0000
t 231 27.2000
t 232 24.0000
t 233 96.0001
t 234 24.0000
t 235 55.2000
t 236 184.8000
t 237 24.0000
t 238 184.8000
t 239 24.0000
t 240 24.0000
t 241 24.0000
t 242 24.0000
t 243 24.0000
t 244 24.0000
t 245 24.0000
t 246 185.6000
t 247 24.0000
t 248 185.6000
t 249 24.0000
t 250 233.6000
t 251 24.0000
t 252 233.6000
t 253 24.0000
t 254 72.0001
t 255 232.8000
t 256 24.0000
t 257 24.0000
t 258 160.8000
t 259 153.6000
t 260 146.4000
t 261 45.6000
t 262 38.4000
t 263 31.2000
t 264 24.0000
t 265 33.6000
t 266 88.8000
t 267 81.6000
t 268 24.0000
t 269 31.2000
t 270 177.6000
t 271 184.8000
t 272 201.6000
t 273 24.0000
t 274 24.0000
t 275 24.0000
t 276 40.8000
t 277 48.0000
t 278 48.0000
t 279 48.0000
t 280 112.8000
t 281 112.8000
t 282 48.0000
t 283 49.0000
t 284 48.0000
t 285 71.0000
t 286 48.0000
t 287 48.0000
t 288 48.0000
t 289 56.0000
t 290 48.0000
t 291 48.0000
t 292 48.0000
t 293 48.0000
t 294 48.0000
t 295 48.0000
t 296 48.0000
t 297 48.0000
t 298 48.0000
t 299 48.0000
t 300 48.0000
t 301 48.0000
t 302 48.0000
t 303 71.0000
t 304 48.0000
t 305 48.0000
t 306 48.0000
t 307 48.0000
t 308 57.0000
t 309 55.3000
t 310 48.0000
t 311 0.0000
t 312 48.0000
t 313 48.0000
t 314 48.0000
t 315 48.0000
t 316 48.0000
t 317 48.0000
t 318 48.0000
t 319 208.8000
t 320 207.8000
t 321 191.2000
t 322 146.0000
t 323 192.0000
t 324 68.8000
t 325 0.0000
t 326 48.0000
t 327 48.0000
t 328 240.0001
t 329 118.0000
t 330 48.0000
t 331 54.4000
t 332 48.0000
t 333 48.0000
t 334 52.0000
t 335 48.0000
t 336 108.0000
t 337 50.6000
t 338 74.4000
t 339 87.2000
t 340 69.8000
t 341 48.0000
t 342 54.4000
t 343 48.0000
t 344 54.4000
t 345 48.0000
t 346 78.4000
t 347 48.0000
t 348 112.8000
t 349 112.8000
t 350 48.0000
t 351 112.8000
t 352 48.0000
t 353 48.0000
t 354 48.0000
t 355 48.0000
t 356 48.0000
t 357 48.0000
t 358 65.6000
t 359 48.0000
t 360 65.6000
t 361 48.0000
t 362 113.6000
t 363 107.2000
t 364 60.8000
t 365 54.4000
t 366 48.0000
t 367 75.2000
t 368 108.8000
t 369 113.6000
t 370 83.2000
t 371 61.6000
t 372 48.0000
t 373 48.0000
t 374 48.0000
t 375 48.0000
t 376 48.0000
t 377 48.0000
t 378 48.0000
t 379 48.0000
t 380 48.0000
t 381 48.0000
t 382 102.4000
t 383 48.0000
t 384 48.0000
t 385 0.0000
t 386 0.0000
t 387 0.0000
t 388 0.0000
t 389 0.0000
t 390 0.0000
t 391 48.0000
t 392 473.6000
t 393 48.0000
t 394 48.0000
t 395 48.0000
t 396 48.0000
t 397 48.0000
t 398 48.0000
t 399 48.0000
t 400 48.0000
t 401 48.0000
t 402 48.0000
t 403 48.0000
t 404 48.0000
t 405 48.0000
t 406 48.0000
t 407 48.0000
t 408 48.0000
t 409 48.0000
t 410 48.0000
t 411 48.0000
t 412 48.0000
t 413 48.0000
t 414 49.0000
t 415 48.0000
t 416 55.2000
t 417 48.0000
t 418 208.8000
t 419 55.2000
t 420 201.6000
t 421 48.0000
t 422 72.0001
t 423 54.4000
t 424 72.0000
t 425 72.0000
t 426 72.0000
t 427 72.0000
t 428 72.0000
t 429 72.0000
t 430 72.0000
t 431 72.0000
t 432 72.0000
t 433 72.0000
t 434 72.0000
t 435 72.0000
t 436 72.0000
t 437 72.0000
t 438 72.0000
t 439 72.0000
t 440 0.0000
t 441 72.0000
t 442 72.0000
t 443 72.0000
t 444 72.0000
t 445 72.0000
t 446 142.0000
t 447 72.0000
t 448 72.0000
t 449 72.0000
t 450 72.0000
t 451 72.0000
t 452 72.0000
t 453 72.0000
t 454 72.0000
t 455 72.0000
t 456 73.0000
t 457 73.0000
t 458 73.0000
t 459 73.0000
t 460 73.0000
t 461 73.0000
t 462 73.0000
t 463 73.0000
t 464 73.0000
t 465 73.0000
t 466 73.0000
t 467 73.0000
t 468 73.0000
t 469 121.6000
t 470 73.0000
t 471 73.0000
t 472 73.0000
t 473 73.0000
t 474 73.0000
t 475 143.0000
t 476 73.0000
t 477 73.0000
t 478 73.0000
t 479 73.0000
t 480 73.0000
t 481 73.0000
t 482 73.0000
t 483 73.0000
t 484 73.0000
t 485 72.0000
t 486 72.0000
t 487 136.0000
t 488 72.0000
t 489 72.0000
t 490 72.0000
t 491 72.0000
t 492 72.0000
t 493 72.0000
t 494 72.0000
t 495 72.0000
t 496 72.0000
t 497 72.0000
t 498 72.0000
t 499 72.0000
t 500 72.0000
t 501 72.0000
t 502 72.0000
t 503 72.0000
t 504 0.0000
t 505 72.0000
t 506 72.0000
t 507 72.0000
t 508 72.0000
t 509 72.0000
t 510 72.0000
t 511 72.0000
t 512 72.0000
t 513 72.0000
t 514 72.0000
t 515 72.0000
t 516 72.0000
t 517 72.0000
t 518 72.0000
t 519 72.0000
t 520 72.0000
t 521 72.0000
t 522 72.0000
t 523 72.0000
t 524 72.0000
t 525 72.0000
t 526 72.0000
t 527 0.0000
t 528 72.0000
t 529 72.0000
t 530 72.0000
t 531 72.0000
t 532 203.0000
t 533 72.0000
t 534 79.2000
t 535 218.2000
t 536 72.0000
t 537 185.0000
t 538 120.0000
t 539 72.0000
t 540 72.0000
t 541 72.0000
t 542 72.0000
t 543 72.0000
t 544 72.0000
t 545 72.0000
t 546 72.0000
t 547 84.8000
t 548 72.0000
t 549 78.4000
t 550 72.0000
t 551 78.4000
t 552 713.6000
t 553 72.0000
t 554 72.0000
t 555 72.0000
t 556 72.0000
t 557 78.4000
t 558 72.0000
t 559 78.4000
t 560 72.0000
t 561 78.4000
t 562 232.0000
t 563 72.0000
t 564 72.0000
t 565 72.0000
t 566 72.0000
t 567 286.5000
t 568 72.0000
t 569 72.0000
t 570 72.0000
t 571 72.0000
t 572 72.0000
t 573 72.0000
t 574 72.0000
t 575 72.0000
t 576 72.0000
t 577 115.2000
t 578 72.0000
t 579 72.0000
t 580 76.2000
t 581 72.0000
t 582 72.0000
t 583 160.4000
t 584 72.0000
t 585 96.0000
t 586 72.0000
t 587 72.0000
t 588 72.0000
t 589 72.0000
t 590 72.0000
t 591 144.0000
t 592 72.0000
t 593 72.0000
t 594 72.0000
t 595 72.0000
t 596 72.0000
t 597 72.0000
t 598 76.0000
t 599 96.0000
# --- delta[i1,i2]: machine ordering (only pairs with a value listed) ---
d 0 278 0
d 2 13 0
d 2 178 1
d 2 215 1
d 2 216 1
d 2 217 1
d 2 283 1
d 2 294 1
d 2 595 1
d 13 178 1
d 13 215 1
d 13 216 1
d 13 217 1
d 13 283 1
d 13 294 1
d 13 595 1
d 178 215 0
d 178 216 0
d 178 217 0
d 178 283 1
d 178 294 1
d 178 595 1
d 215 216 0
d 215 217 0
d 215 283 1
d 215 294 1
d 215 595 1
d 216 217 1
d 216 283 1
d 216 294 1
d 216 595 1
d 217 283 1
d 217 294 1
d 217 595 1
d 283 294 0
d 283 595 1
d 294 595 1
d 3 284 1
d 4 10 1
d 4 285 1
d 4 291 1
d 10 285 1
d 10 291 1
d 285 291 0
d 5 286 1
d 6 139 1
d 6 287 1
d 6 414 1
d 139 287 1
d 139 414 1
d 287 414 1
d 7 71 1
d 7 288 1
d 71 288 0
d 8 22 1
d 8 32 1
d 8 44 0
d 8 48 1
d 8 85 1
d 8 86 1
d 8 92 1
d 8 93 1
d 8 94 1
d 8 107 1
d 8 157 1
d 8 164 1
d 8 165 1
d 8 166 1
d 8 231 1
d 8 265 1
d 8 266 1
d 8 267 1
d 8 276 1
d 8 289 1
d 8 299 1
d 8 311 1
d 8 322 1
d 8 323 1
d 8 324 1
d 8 325 1
d 8 367 1
d 8 368 1
d 8 382 1
d 8 440 1
d 8 469 1
d 8 487 1
d 8 504 1
d 8 527 1
d 8 532 1
d 8 535 1
d 8 537 1
d 8 577 1
d 8 583 1
d 8 585 1
d 22 32 0
d 22 44 0
d 22 48 0
d 22 85 0
d 22 86 0
d 22 92 1
d 22 93 1
d 22 94 0
d 22 107 0
d 22 157 1
d 22 164 0
d 22 165 0
d 22 166 0
d 22 231 0
d 22 265 0
d 22 266 0
d 22 267 0
d 22 276 0
d 22 289 0
d 22 299 0
d 22 311 0
d 22 322 0
d 22 323 1
d 22 324 0
d 22 325 0
d 22 367 0
d 22 368 0
d 22 382 0
d 22 440 0
d 22 469 0
d 22 487 0
d 22 504 0
d 22 527 0
d 22 532 1
d 22 535 1
d 22 537 1
d 22 577 0
d 22 583 0
d 22 585 0
d 32 44 1
d 32 48 1
d 32 85 1
d 32 86 1
d 32 92 1
d 32 93 1
d 32 94 1
d 32 107 1
d 32 157 1
d 32 164 1
d 32 165 1
d 32 166 1
d 32 231 1
d 32 265 1
d 32 266 1
d 32 267 1
d 32 276 1
d 32 289 1
d 32 299 1
d 32 311 1
d 32 322 1
d 32 323 1
d 32 324 1
d 32 325 1
d 32 367 1
d 32 368 1
d 32 382 1
d 32 440 1
d 32 469 1
d 32 487 1
d 32 504 1
d 32 527 1
d 32 532 1
d 32 535 1
d 32 537 1
d 32 577 1
d 32 583 1
d 32 585 1
d 44 48 1
d 44 85 1
d 44 86 1
d 44 92 1
d 44 93 1
d 44 94 1
d 44 107 0
d 44 157 1
d 44 164 1
d 44 165 1
d 44 166 1
d 44 231 1
d 44 265 1
d 44 266 1
d 44 267 1
d 44 276 1
d 44 289 1
d 44 299 1
d 44 311 1
d 44 322 1
d 44 323 1
d 44 324 1
d 44 325 1
d 44 367 1
d 44 368 1
d 44 382 1
d 44 440 1
d 44 469 1
d 44 487 1
d 44 504 1
d 44 527 1
d 44 532 1
d 44 535 1
d 44 537 1
d 44 577 1
d 44 583 1
d 44 585 1
d 48 85 0
d 48 86 0
d 48 92 1
d 48 93 1
d 48 94 0
d 48 107 0
d 48 157 1
d 48 164 0
d 48 165 0
d 48 166 0
d 48 231 0
d 48 265 0
d 48 266 0
d 48 267 0
d 48 276 0
d 48 289 0
d 48 299 0
d 48 311 1
d 48 322 0
d 48 323 1
d 48 324 0
d 48 325 0
d 48 367 0
d 48 368 0
d 48 382 0
d 48 440 0
d 48 469 0
d 48 487 0
d 48 504 0
d 48 527 0
d 48 532 1
d 48 535 1
d 48 537 1
d 48 577 0
d 48 583 0
d 48 585 0
d 85 86 1
d 85 92 1
d 85 93 1
d 85 94 1
d 85 107 0
d 85 157 1
d 85 164 0
d 85 165 0
d 85 166 0
d 85 231 0
d 85 265 0
d 85 266 0
d 85 267 0
d 85 276 0
d 85 289 0
d 85 299 0
d 85 311 1
d 85 322 1
d 85 323 1
d 85 324 0
d 85 325 0
d 85 367 0
d 85 368 0
d 85 382 0
d 85 440 0
d 85 469 0
d 85 487 0
d 85 504 0
d 85 527 0
d 85 532 1
d 85 535 1
d 85 537 1
d 85 577 0
d 85 583 1
d 85 585 0
d 86 92 1
d 86 93 1
d 86 94 0
d 86 107 0
d 86 157 1
d 86 164 0
d 86 165 0
d 86 166 0
d 86 231 0
d 86 265 0
d 86 266 0
d 86 267 0
d 86 276 0
d 86 289 0
d 86 299 0
d 86 311 0
d 86 322 0
d 86 323 1
d 86 324 0
d 86 325 0
d 86 367 0
d 86 368 0
d 86 382 0
d 86 440 0
d 86 469 0
d 86 487 0
d 86 504 0
d 86 527 0
d 86 532 1
d 86 535 1
d 86 537 1
d 86 577 0
d 86 583 1
d 86 585 0
d 92 93 1
d 92 94 0
d 92 107 0
d 92 157 0
d 92 164 0
d 92 165 0
d 92 166 0
d 92 231 0
d 92 265 0
d 92 266 0
d 92 267 0
d 92 276 0
d 92 289 0
d 92 299 0
d 92 311 0
d 92 322 0
d 92 323 0
d 92 324 0
d 92 325 0
d 92 367 0
d 92 368 0
d 92 382 0
d 92 440 0
d 92 469 0
d 92 487 0
d 92 504 0
d 92 527 0
d 92 532 0
d 92 535 1
d 92 537 0
d 92 577 0
d 92 583 0
d 92 585 0
d 93 94 0
d 93 107 0
d 93 157 0
d 93 164 0
d 93 165 0
d 93 166 0
d 93 231 0
d 93 265 0
d 93 266 0
d 93 267 0
d 93 276 0
d 93 289 0
d 93 299 0
d 93 311 0
d 93 322 0
d 93 323 0
d 93 324 0
d 93 325 0
d 93 367 0
d 93 368 0
d 93 382 0
d 93 440 0
d 93 469 0
d 93 487 0
d 93 504 0
d 93 527 0
d 93 532 0
d 93 535 0
d 93 537 0
d 93 577 0
d 93 583 0
d 93 585 0
d 94 107 0
d 94 157 1
d 94 164 0
d 94 165 0
d 94 166 0
d 94 231 0
d 94 265 0
d 94 266 0
d 94 267 0
d 94 276 0
d 94 289 0
d 94 299 0
d 94 311 0
d 94 322 0
d 94 323 1
d 94 324 0
d 94 325 0
d 94 367 0
d 94 368 0
d 94 382 0
d 94 440 0
d 94 469 0
d 94 487 0
d 94 504 0
d 94 527 0
d 94 532 1
d 94 535 1
d 94 537 1
d 94 577 0
d 94 583 1
d 94 585 0
d 107 157 1
d 107 164 1
d 107 165 1
d 107 166 1
d 107 231 1
d 107 265 1
d 107 266 1
d 107 267 1
d 107 276 1
d 107 289 1
d 107 299 1
d 107 311 0
d 107 322 1
d 107 323 1
d 107 324 1
d 107 325 0
d 107 367 1
d 107 368 1
d 107 382 1
d 107 440 1
d 107 469 1
d 107 487 1
d 107 504 1
d 107 527 1
d 107 532 1
d 107 535 1
d 107 537 1
d 107 577 1
d 107 583 1
d 107 585 1
d 157 164 0
d 157 165 0
d 157 166 0
d 157 231 0
d 157 265 0
d 157 266 0
d 157 267 0
d 157 276 0
d 157 289 0
d 157 299 0
d 157 311 0
d 157 322 0
d 157 323 0
d 157 324 0
d 157 325 0
d 157 367 0
d 157 368 0
d 157 382 0
d 157 440 0
d 157 469 0
d 157 487 0
d 157 504 0
d 157 527 0
d 157 532 1
d 157 535 1
d 157 537 0
d 157 577 0
d 157 583 0
d 157 585 0
d 164 165 0
d 164 166 1
d 164 231 1
d 164 265 0
d 164 266 0
d 164 267 0
d 164 276 0
d 164 289 0
d 164 299 0
d 164 311 0
d 164 322 0
d 164 323 0
d 164 324 0
d 164 325 0
d 164 367 0
d 164 368 0
d 164 382 0
d 164 440 1
d 164 469 1
d 164 487 1
d 164 504 1
d 164 527 1
d 164 532 1
d 164 535 1
d 164 537 1
d 164 577 1
d 164 583 1
d 164 585 1
d 165 166 0
d 165 231 0
d 165 265 0
d 165 266 0
d 165 267 0
d 165 276 0
d 165 289 0
d 165 299 0
d 165 311 0
d 165 322 1
d 165 323 1
d 165 324 0
d 165 325 0
d 165 367 0
d 165 368 0
d 165 382 0
d 165 440 0
d 165 469 0
d 165 487 1
d 165 504 0
d 165 527 0
d 165 532 1
d 165 535 1
d 165 537 1
d 165 577 0
d 165 583 1
d 165 585 0
d 166 231 0
d 166 265 1
d 166 266 1
d 166 267 1
d 166 276 1
d 166 289 1
d 166 299 1
d 166 311 1
d 166 322 1
d 166 323 1
d 166 324 1
d 166 325 1
d 166 367 1
d 166 368 1
d 166 382 1
d 166 440 1
d 166 469 1
d 166 487 1
d 166 504 1
d 166 527 1
d 166 532 1
d 166 535 1
d 166 537 1
d 166 577 1
d 166 583 1
d 166 585 1
d 231 265 1
d 231 266 1
d 231 267 1
d 231 276 1
d 231 289 1
d 231 299 1
d 231 311 1
d 231 322 1
d 231 323 1
d 231 324 1
d 231 325 1
d 231 367 1
d 231 368 1
d 231 382 1
d 231 440 1
d 231 469 1
d 231 487 1
d 231 504 1
d 231 527 1
d 231 532 1
d 231 535 1
d 231 537 1
d 231 577 1
d 231 583 1
d 231 585 1
d 265 266 1
d 265 267 1
d 265 276 1
d 265 289 1
d 265 299 1
d 265 311 0
d 265 322 1
d 265 323 1
d 265 324 1
d 265 325 0
d 265 367 1
d 265 368 1
d 265 382 1
d 265 440 0
d 265 469 1
d 265 487 1
d 265 504 0
d 265 527 0
d 265 532 1
d 265 535 1
d 265 537 1
d 265 577 1
d 265 583 1
d 265 585 1
d 266 267 0
d 266 276 0
d 266 289 0
d 266 299 0
d 266 311 0
d 266 322 1
d 266 323 1
d 266 324 0
d 266 325 1
d 266 367 0
d 266 368 1
d 266 382 1
d 266 440 0
d 266 469 1
d 266 487 1
d 266 504 0
d 266 527 0
d 266 532 1
d 266 535 1
d 266 537 1
d 266 577 1
d 266 583 1
d 266 585 1
d 267 276 0
d 267 289 0
d 267 299 0
d 267 311 0
d 267 322 1
d 267 323 1
d 267 324 0
d 267 325 0
d 267 367 0
d 267 368 1
d 267 382 1
d 267 440 0
d 267 469 1
d 267 487 1
d 267 504 0
d 267 527 0
d 267 532 1
d 267 535 1
d 267 537 1
d 267 577 1
d 267 583 1
d 267 585 1
d 276 289 1
d 276 299 1
d 276 311 0
d 276 322 1
d 276 323 1
d 276 324 1
d 276 325 0
d 276 367 1
d 276 368 1
d 276 382 1
d 276 440 1
d 276 469 1
d 276 487 1
d 276 504 1
d 276 527 1
d 276 532 1
d 276 535 1
d 276 537 1
d 276 577 1
d 276 583 1
d 276 585 1
d 289 299 0
d 289 311 1
d 289 322 1
d 289 323 1
d 289 324 1
d 289 325 1
d 289 367 1
d 289 368 1
d 289 382 1
d 289 440 1
d 289 469 1
d 289 487 1
d 289 504 1
d 289 527 1
d 289 532 1
d 289 535 1
d 289 537 1
d 289 577 1
d 289 583 1
d 289 585 1
d 299 311 0
d 299 322 1
d 299 323 1
d 299 324 1
d 299 325 0
d 299 367 1
d 299 368 1
d 299 382 1
d 299 440 1
d 299 469 1
d 299 487 1
d 299 504 1
d 299 527 1
d 299 532 1
d 299 535 1
d 299 537 1
d 299 577 1
d 299 583 1
d 299 585 1
d 311 322 0
d 311 323 0
d 311 324 0
d 311 325 0
d 311 367 0
d 311 368 0
d 311 382 0
d 311 440 1
d 311 469 1
d 311 487 1
d 311 504 1
d 311 527 1
d 311 532 1
d 311 535 1
d 311 537 1
d 311 577 1
d 311 583 1
d 311 585 1
d 322 323 1
d 322 324 0
d 322 325 0
d 322 367 0
d 322 368 0
d 322 382 0
d 322 440 0
d 322 469 0
d 322 487 0
d 322 504 0
d 322 527 0
d 322 532 1
d 322 535 1
d 322 537 1
d 322 577 0
d 322 583 1
d 322 585 0
d 323 324 0
d 323 325 0
d 323 367 0
d 323 368 0
d 323 382 0
d 323 440 0
d 323 469 0
d 323 487 0
d 323 504 0
d 323 527 0
d 323 532 1
d 323 535 1
d 323 537 0
d 323 577 0
d 323 583 0
d 323 585 0
d 324 325 0
d 324 367 1
d 324 368 1
d 324 382 1
d 324 440 0
d 324 469 1
d 324 487 1
d 324 504 0
d 324 527 0
d 324 532 1
d 324 535 1
d 324 537 1
d 324 577 1
d 324 583 1
d 324 585 1
d 325 367 0
d 325 368 0
d 325 382 1
d 325 440 0
d 325 469 0
d 325 487 0
d 325 504 0
d 325 527 1
d 325 532 0
d 325 535 0
d 325 537 0
d 325 577 0
d 325 583 0
d 325 585 1
d 367 368 1
d 367 382 1
d 367 440 0
d 367 469 1
d 367 487 1
d 367 504 0
d 367 527 0
d 367 532 1
d 367 535 1
d 367 537 1
d 367 577 1
d 367 583 1
d 367 585 1
d 368 382 0
d 368 440 0
d 368 469 1
d 368 487 1
d 368 504 1
d 368 527 0
d 368 532 1
d 368 535 1
d 368 537 1
d 368 577 1
d 368 583 1
d 368 585 0
d 382 440 0
d 382 469 1
d 382 487 1
d 382 504 0
d 382 527 0
d 382 532 1
d 382 535 1
d 382 537 1
d 382 577 1
d 382 583 1
d 382 585 0
d 440 469 1
d 440 487 1
d 440 504 1
d 440 527 0
d 440 532 0
d 440 535 0
d 440 537 0
d 440 577 1
d 440 583 0
d 440 585 0
d 469 487 1
d 469 504 0
d 469 527 0
d 469 532 1
d 469 535 1
d 469 537 1
d 469 577 0
d 469 583 1
d 469 585 0
d 487 504 1
d 487 527 0
d 487 532 1
d 487 535 1
d 487 537 1
d 487 577 0
d 487 583 1
d 487 585 0
d 504 527 0
d 504 532 0
d 504 535 0
d 504 537 0
d 504 577 0
d 504 583 0
d 504 585 0
d 527 532 0
d 527 535 0
d 527 537 0
d 527 577 0
d 527 583 0
d 527 585 0
d 532 535 1
d 532 537 0
d 532 577 0
d 532 583 0
d 532 585 0
d 535 537 0
d 535 577 0
d 535 583 0
d 535 585 0
d 537 577 0
d 537 583 0
d 537 585 0
d 577 583 1
d 577 585 0
d 583 585 0
d 9 290 1
d 11 292 1
d 12 293 1
d 14 295 1
d 15 228 1
d 15 229 1
d 15 296 1
d 228 229 0
d 228 296 0
d 229 296 0
d 30 297 1
d 31 298 1
d 33 300 1
d 34 301 1
d 35 302 1
d 36 303 1
d 36 332 1
d 303 332 0
d 37 49 0
d 37 151 1
d 37 304 1
d 49 151 1
d 49 304 1
d 151 304 0
d 38 305 1
d 39 148 1
d 39 152 1
d 39 306 1
d 39 536 1
d 148 152 0
d 148 306 0
d 148 536 0
d 152 306 0
d 152 536 0
d 306 536 1
d 40 307 1
d 41 155 1
d 41 156 1
d 41 184 1
d 41 187 1
d 41 188 1
d 41 191 1
d 41 192 1
d 41 206 1
d 41 207 1
d 41 208 1
d 41 211 1
d 41 212 1
d 41 308 1
d 155 156 1
d 155 184 1
d 155 187 0
d 155 188 0
d 155 191 0
d 155 192 0
d 155 206 0
d 155 207 0
d 155 208 0
d 155 211 0
d 155 212 0
d 155 308 0
d 156 184 0
d 156 187 0
d 156 188 0
d 156 191 0
d 156 192 0
d 156 206 0
d 156 207 0
d 156 208 0
d 156 211 0
d 156 212 0
d 156 308 0
d 184 187 0
d 184 188 0
d 184 191 0
d 184 192 0
d 184 206 0
d 184 207 0
d 184 208 0
d 184 211 0
d 184 212 0
d 184 308 0
d 187 188 0
d 187 191 1
d 187 192 0
d 187 206 0
d 187 207 0
d 187 208 0
d 187 211 1
d 187 212 0
d 187 308 0
d 188 191 1
d 188 192 1
d 188 206 1
d 188 207 1
d 188 208 1
d 188 211 1
d 188 212 1
d 188 308 1
d 191 192 0
d 191 206 0
d 191 207 0
d 191 208 0
d 191 211 1
d 191 212 0
d 191 308 0
d 192 206 0
d 192 207 1
d 192 208 1
d 192 211 1
d 192 212 1
d 192 308 1
d 206 207 1
d 206 208 1
d 206 211 1
d 206 212 1
d 206 308 1
d 207 208 0
d 207 211 1
d 207 212 1
d 207 308 0
d 208 211 1
d 208 212 1
d 208 308 0
d 211 212 0
d 211 308 0
d 212 308 0
d 42 189 1
d 42 190 1
d 42 204 1
d 42 205 1
d 42 209 1
d 42 210 1
d 42 213 1
d 42 214 1
d 42 309 1
d 189 190 0
d 189 204 0
d 189 205 0
d 189 209 0
d 189 210 0
d 189 213 0
d 189 214 0
d 189 309 0
d 190 204 0
d 190 205 0
d 190 209 0
d 190 210 0
d 190 213 0
d 190 214 0
d 190 309 0
d 204 205 0
d 204 209 0
d 204 210 0
d 204 213 0
d 204 214 0
d 204 309 0
d 205 209 1
d 205 210 0
d 205 213 1
d 205 214 1
d 205 309 1
d 209 210 0
d 209 213 0
d 209 214 0
d 209 309 0
d 210 213 1
d 210 214 1
d 210 309 1
d 213 214 1
d 213 309 1
d 214 309 1
d 43 310 1
d 45 312 1
d 46 313 1
d 47 314 1
d 61 345 1
d 61 346 1
d 345 346 1
d 62 63 0
d 69 70 1
d 72 73 1
d 74 75 0
d 74 446 1
d 74 475 1
d 75 446 1
d 75 475 1
d 446 475 1
d 76 77 0
d 83 84 0
d 88 357 1
d 88 575 1
d 357 575 1
d 89 358 1
d 89 359 1
d 358 359 0
d 90 224 1
d 90 576 1
d 224 576 1
d 91 225 0
d 100 254 1
d 100 377 1
d 254 377 0
d 101 255 1
d 101 378 1
d 101 580 1
d 101 581 1
d 255 378 0
d 255 580 0
d 255 581 0
d 378 580 1
d 378 581 1
d 580 581 0
d 102 379 1
d 109 395 0
d 110 396 0
d 111 113 1
d 112 114 1
d 115 158 0
d 116 402 0
d 117 400 0
d 118 401 0
d 123 129 0
d 123 232 0
d 123 385 0
d 129 232 0
d 129 385 0
d 232 385 0
d 130 233 0
d 130 234 0
d 130 386 0
d 233 234 0
d 233 386 0
d 234 386 0
d 131 387 0
d 131 588 0
d 387 588 0
d 132 235 0
d 132 388 0
d 235 388 0
d 133 383 0
d 133 389 0
d 383 389 0
d 134 390 0
d 134 587 0
d 390 587 0
d 135 136 0
d 137 412 1
d 138 413 1
d 140 141 1
d 140 142 1
d 140 143 1
d 140 144 0
d 140 272 1
d 141 142 0
d 141 143 0
d 141 144 0
d 141 272 0
d 142 143 1
d 142 144 0
d 142 272 1
d 143 144 0
d 143 272 1
d 144 272 1
d 145 274 1
d 145 422 1
d 274 422 1
d 147 226 1
d 147 275 1
d 147 369 1
d 147 370 1
d 147 371 1
d 147 372 1
d 147 423 1
d 147 598 1
d 226 275 0
d 226 369 1
d 226 370 0
d 226 371 0
d 226 372 0
d 226 423 0
d 226 598 0
d 275 369 1
d 275 370 1
d 275 371 1
d 275 372 1
d 275 423 1
d 275 598 1
d 369 370 0
d 369 371 0
d 369 372 0
d 369 423 0
d 369 598 0
d 370 371 0
d 370 372 0
d 370 423 0
d 370 598 0
d 371 372 0
d 371 423 0
d 371 598 1
d 372 423 1
d 372 598 1
d 423 598 1
d 149 150 1
d 153 185 0
d 153 186 0
d 153 336 0
d 153 337 0
d 153 338 0
d 153 339 0
d 153 340 0
d 153 538 0
d 153 591 0
d 185 186 1
d 185 336 1
d 185 337 0
d 185 338 1
d 185 339 1
d 185 340 1
d 185 538 1
d 185 591 1
d 186 336 1
d 186 337 0
d 186 338 0
d 186 339 0
d 186 340 0
d 186 538 1
d 186 591 1
d 336 337 0
d 336 338 0
d 336 339 0
d 336 340 0
d 336 538 1
d 336 591 1
d 337 338 1
d 337 339 1
d 337 340 1
d 337 538 1
d 337 591 1
d 338 339 1
d 338 340 0
d 338 538 1
d 338 591 1
d 339 340 0
d 339 538 1
d 339 591 1
d 340 538 1
d 340 591 1
d 538 591 1
d 167 193 0
d 167 318 1
d 193 318 1
d 194 195 1
d 194 545 0
d 195 545 0
d 196 197 1
d 198 199 0
d 200 201 1
d 200 517 0
d 201 517 0
d 202 203 1
d 202 516 0
d 203 516 0
d 218 219 0
d 218 452 0
d 218 481 0
d 219 452 0
d 219 481 0
d 452 481 1
d 223 574 0
d 236 397 0
d 238 398 0
d 246 247 0
d 248 249 0
d 250 251 0
d 252 253 0
d 258 259 0
d 258 260 0
d 258 261 0
d 258 262 0
d 258 263 0
d 258 264 0
d 259 260 0
d 259 261 0
d 259 262 0
d 259 263 0
d 259 264 0
d 260 261 0
d 260 262 0
d 260 263 0
d 260 264 0
d 261 262 0
d 261 263 0
d 261 264 0
d 262 263 0
d 262 264 0
d 263 264 0
d 268 269 1
d 270 271 1
d 270 415 0
d 270 416 0
d 271 415 0
d 271 416 0
d 415 416 1
d 280 426 0
d 281 282 0
d 319 320 0
d 319 321 0
d 319 334 0
d 319 335 0
d 320 321 0
d 320 334 0
d 320 335 0
d 321 334 0
d 321 335 0
d 334 335 0
d 328 554 0
d 329 529 0
d 330 331 1
d 341 342 1
d 343 344 1
d 348 352 0
d 349 566 0
d 351 353 0
d 360 361 0
d 362 363 0
d 362 364 0
d 362 365 0
d 362 366 0
d 363 364 0
d 363 365 0
d 363 366 0
d 364 365 0
d 364 366 0
d 365 366 0
d 392 393 0
d 417 418 1
d 417 419 1
d 417 420 1
d 418 419 0
d 418 420 0
d 419 420 1
d 427 456 1
d 428 457 1
d 429 458 1
d 430 459 1
d 431 460 1
d 432 461 1
d 433 462 1
d 434 463 1
d 435 464 1
d 436 465 1
d 437 466 1
d 438 467 1
d 439 468 1
d 441 470 1
d 442 471 1
d 443 472 1
d 444 473 1
d 445 474 1
d 447 476 1
d 448 477 1
d 449 478 1
d 450 479 1
d 451 480 1
d 453 482 1
d 454 483 1
d 455 484 1
d 533 534 1
d 546 547 1
d 548 549 1
d 550 551 1
d 552 553 0
d 556 557 1
d 558 559 1
d 560 561 1
d 562 563 0
d 567 568 0
# --- mean_V[i]: virtual age computed at runtime (for reference) ---
v 0 0.094200
v 1 52.982581
v 2 0.000000
v 3 0.030015
v 4 0.000000
v 5 0.030455
v 6 0.000000
v 7 0.029999
v 8 0.000000
v 9 0.033433
v 10 0.030395
v 11 0.029982
v 12 0.030268
v 13 0.026324
v 14 0.029894
v 15 0.033259
v 16 47.462268
v 17 46.993415
v 18 46.532656
v 19 46.705707
v 20 47.122758
v 21 47.175678
v 22 34.862982
v 23 46.726407
v 24 46.489696
v 25 46.565046
v 26 46.324641
v 27 46.587569
v 28 46.523442
v 29 47.062243
v 30 0.029674
v 31 0.029584
v 32 0.000000
v 33 0.030388
v 34 0.030911
v 35 0.030059
v 36 0.030293
v 37 0.033203
v 38 0.030742
v 39 0.033437
v 40 0.030122
v 41 0.033213
v 42 0.033428
v 43 0.030069
v 44 0.026619
v 45 0.030227
v 46 0.030500
v 47 0.030216
v 48 0.039963
v 49 0.068203
v 50 53.050967
v 51 55.268894
v 52 55.242657
v 53 55.255163
v 54 55.333035
v 55 55.274418
v 56 55.254752
v 57 55.248967
v 58 55.285279
v 59 52.910414
v 60 52.914682
v 61 1.597617
v 62 0.247633
v 63 50.871953
v 64 54.033981
v 65 51.202360
v 66 50.472411
v 67 50.974399
v 68 50.971831
v 69 1.857249
v 70 42.039349
v 71 0.000000
v 72 0.123817
v 73 52.842981
v 74 0.000000
v 75 46.650704
v 76 4.333580
v 77 34.569720
v 78 55.314181
v 79 55.314752
v 80 55.342385
v 81 55.288649
v 82 55.278387
v 83 0.412722
v 84 49.006220
v 85 0.000000
v 86 0.000000
v 87 55.203342
v 88 0.033020
v 89 0.032917
v 90 0.000000
v 91 0.021572
v 92 0.000000
v 93 0.000000
v 94 0.037401
v 95 50.779503
v 96 53.313820
v 97 55.107282
v 98 55.059297
v 99 55.165605
v 100 0.030382
v 101 0.030898
v 102 0.030414
v 103 44.351834
v 104 45.566200
v 105 44.810542
v 106 45.214086
v 107 0.000000
v 108 52.859266
v 109 0.466405
v 110 0.469872
v 111 0.247633
v 112 0.247633
v 113 51.031222
v 114 51.004578
v 115 1.726365
v 116 0.463352
v 117 0.470481
v 118 0.463583
v 119 52.798524
v 120 53.052178
v 121 52.940703
v 122 53.081362
v 123 0.249562
v 124 52.953221
v 125 53.169470
v 126 52.971907
v 127 53.082661
v 128 50.965210
v 129 0.000000
v 130 0.000000
v 131 0.000000
v 132 0.000000
v 133 0.000000
v 134 0.000000
v 135 1.857249
v 136 42.034597
v 137 0.029485
v 138 0.029975
v 139 0.024368
v 140 0.412722
v 141 0.000000
v 142 0.000000
v 143 0.000000
v 144 0.012455
v 145 0.022296
v 146 55.311411
v 147 0.092361
v 148 0.072316
v 149 0.412722
v 150 50.125605
v 151 49.902280
v 152 0.070398
v 153 0.000000
v 154 52.618164
v 155 0.000000
v 156 0.000000
v 157 0.053782
v 158 43.788406
v 159 47.398904
v 160 49.962502
v 161 50.175895
v 162 50.180232
v 163 50.077846
v 164 0.000000
v 165 0.000000
v 166 0.000000
v 167 0.325292
v 168 54.620941
v 169 54.725598
v 170 54.875601
v 171 54.735754
v 172 51.392634
v 173 52.373521
v 174 52.543892
v 175 49.678576
v 176 47.621162
v 177 49.339477
v 178 0.000000
v 179 52.524538
v 180 52.648988
v 181 52.453003
v 182 50.647580
v 183 50.546749
v 184 0.058674
v 185 0.000000
v 186 0.041496
v 187 0.000000
v 188 0.000000
v 189 0.000000
v 190 0.298738
v 191 43.853704
v 192 0.024419
v 193 0.000000
v 194 0.000000
v 195 43.885507
v 196 1.155621
v 197 45.595934
v 198 0.247633
v 199 51.243422
v 200 0.000000
v 201 49.170369
v 202 0.000000
v 203 49.238066
v 204 0.000000
v 205 0.000000
v 206 0.000000
v 207 0.000000
v 208 0.140184
v 209 0.000000
v 210 0.128789
v 211 0.000000
v 212 0.104013
v 213 0.000000
v 214 43.914596
v 215 0.000000
v 216 0.000000
v 217 0.859437
v 218 0.000000
v 219 46.238696
v 220 42.984899
v 221 42.999963
v 222 43.192736
v 223 0.207620
v 224 0.074682
v 225 54.774326
v 226 0.000000
v 227 42.985273
v 228 0.000000
v 229 50.156360
v 230 53.113704
v 231 0.000000
v 232 51.206373
v 233 50.946438
v 234 0.183303
v 235 54.079431
v 236 0.528148
v 237 52.958959
v 238 0.530373
v 239 52.678813
v 240 50.186691
v 241 54.202075
v 242 54.119102
v 243 54.243580
v 244 54.288066
v 245 54.224001
v 246 0.412722
v 247 50.121764
v 248 0.412722
v 249 49.974127
v 250 0.619083
v 251 48.336831
v 252 0.619083
v 253 48.270031
v 254 50.312407
v 255 3.521591
v 256 51.523542
v 257 51.906754
v 258 0.247633
v 259 0.000000
v 260 0.000000
v 261 0.000000
v 262 0.000000
v 263 0.000000
v 264 49.105398
v 265 0.000000
v 266 0.000000
v 267 0.000000
v 268 0.412722
v 269 50.023958
v 270 0.412722
v 271 0.000000
v 272 46.398847
v 273 53.019304
v 274 0.040573
v 275 0.000000
v 276 0.000000
v 277 54.162645
v 278 53.355614
v 279 54.111062
v 280 0.192075
v 281 0.123817
v 282 52.556583
v 283 0.000000
v 284 54.826149
v 285 0.000000
v 286 54.880947
v 287 0.000000
v 288 54.207655
v 289 0.000000
v 290 55.015856
v 291 54.392583
v 292 54.843958
v 293 54.838210
v 294 0.029667
v 295 54.805693
v 296 0.263367
v 297 54.792611
v 298 54.814355
v 299 0.000000
v 300 54.756698
v 301 54.872427
v 302 54.788923
v 303 4.976972
v 304 0.137268
v 305 54.803892
v 306 0.135312
v 307 54.813031
v 308 0.000000
v 309 0.047627
v 310 54.823484
v 311 0.021019
v 312 54.754484
v 313 54.873937
v 314 54.770116
v 315 49.219153
v 316 48.445349
v 317 52.236130
v 318 48.964658
v 319 0.047438
v 320 0.000000
v 321 0.000000
v 322 0.000000
v 323 0.050831
v 324 0.000000
v 325 0.000000
v 326 51.473825
v 327 51.057157
v 328 47.692117
v 329 0.190317
v 330 0.412722
v 331 49.189630
v 332 38.836931
v 333 53.126436
v 334 47.157874
v 335 0.304216
v 336 0.123817
v 337 0.000000
v 338 0.000000
v 339 0.000000
v 340 0.019156
v 341 1.857249
v 342 42.547910
v 343 1.155621
v 344 44.853660
v 345 0.000000
v 346 42.088424
v 347 52.180147
v 348 0.123817
v 349 0.193327
v 350 54.141915
v 351 0.123817
v 352 52.800559
v 353 52.777816
v 354 54.142127
v 355 54.150935
v 356 54.225180
v 357 0.046839
v 358 0.000000
v 359 54.272559
v 360 0.041272
v 361 54.429381
v 362 0.123817
v 363 0.000000
v 364 0.000000
v 365 0.000000
v 366 51.459336
v 367 0.000000
v 368 0.000000
v 369 0.000000
v 370 0.000000
v 371 0.000000
v 372 0.000000
v 373 47.416729
v 374 53.539313
v 375 51.882285
v 376 53.636732
v 377 0.421629
v 378 0.422343
v 379 54.822136
v 380 53.785131
v 381 53.634633
v 382 0.017632
v 383 50.991651
v 384 53.687846
v 385 0.022400
v 386 0.084447
v 387 0.189459
v 388 0.084651
v 389 0.335646
v 390 0.518705
v 391 53.655568
v 392 2.723964
v 393 40.309972
v 394 51.069327
v 395 48.605088
v 396 48.444362
v 397 48.386376
v 398 48.102585
v 399 50.903892
v 400 48.542147
v 401 48.527404
v 402 48.477309
v 403 50.879429
v 404 50.758327
v 405 50.857126
v 406 51.109537
v 407 51.090121
v 408 50.813448
v 409 50.997748
v 410 51.103630
v 411 50.807289
v 412 54.763096
v 413 54.775907
v 414 54.025183
v 415 0.000000
v 416 47.597535
v 417 0.412722
v 418 0.000000
v 419 0.000000
v 420 47.388758
v 421 52.186204
v 422 53.552950
v 423 0.016599
v 424 52.696891
v 425 53.646493
v 426 52.054142
v 427 0.247633
v 428 0.247633
v 429 0.247633
v 430 0.247633
v 431 0.247633
v 432 0.247633
v 433 0.247633
v 434 0.247633
v 435 0.247633
v 436 0.247633
v 437 0.247633
v 438 0.247633
v 439 0.247633
v 440 0.000000
v 441 0.247633
v 442 0.247633
v 443 0.247633
v 444 0.247633
v 445 0.247633
v 446 0.247633
v 447 0.247633
v 448 0.247633
v 449 0.247633
v 450 0.247633
v 451 0.247633
v 452 0.247633
v 453 0.247633
v 454 0.247633
v 455 0.247633
v 456 51.612465
v 457 51.629938
v 458 51.609139
v 459 51.589720
v 460 51.604576
v 461 51.513916
v 462 51.640087
v 463 51.624101
v 464 51.664662
v 465 51.640050
v 466 51.489087
v 467 51.473130
v 468 51.371657
v 469 0.000000
v 470 51.620984
v 471 51.497234
v 472 51.556886
v 473 51.613487
v 474 51.643711
v 475 0.310145
v 476 51.599630
v 477 51.530188
v 478 51.575220
v 479 51.492586
v 480 51.583291
v 481 0.309288
v 482 51.555497
v 483 51.621726
v 484 51.606911
v 485 53.687298
v 486 53.798870
v 487 0.000000
v 488 53.772051
v 489 53.754307
v 490 53.658702
v 491 53.608102
v 492 53.737176
v 493 53.580105
v 494 53.790981
v 495 53.661267
v 496 53.664187
v 497 53.599806
v 498 53.472708
v 499 53.548106
v 500 53.575877
v 501 53.501898
v 502 53.751342
v 503 53.639929
v 504 0.000000
v 505 53.638062
v 506 53.425714
v 507 53.670118
v 508 53.709102
v 509 53.606578
v 510 53.590723
v 511 53.626814
v 512 53.464917
v 513 53.640546
v 514 53.690378
v 515 53.720370
v 516 0.345341
v 517 0.346862
v 518 53.662017
v 519 53.822691
v 520 53.504192
v 521 53.574203
v 522 53.670552
v 523 53.526891
v 524 53.687338
v 525 53.904041
v 526 53.601875
v 527 0.000000
v 528 53.658378
v 529 52.006285
v 530 53.742823
v 531 53.900832
v 532 0.000000
v 533 0.412722
v 534 49.170489
v 535 0.000000
v 536 47.704594
v 537 0.051614
v 538 0.044704
v 539 53.716285
v 540 53.615931
v 541 53.746019
v 542 46.596455
v 543 47.440599
v 544 44.724031
v 545 0.929742
v 546 0.412722
v 547 49.359028
v 548 0.619083
v 549 48.376853
v 550 0.619083
v 551 48.243990
v 552 5.613018
v 553 33.061867
v 554 0.753909
v 555 51.760560
v 556 1.857249
v 557 41.796683
v 558 1.857249
v 559 41.671307
v 560 1.857249
v 561 41.906539
v 562 0.619083
v 563 48.267728
v 564 53.721241
v 565 53.816300
v 566 52.034658
v 567 0.866716
v 568 46.406830
v 569 50.799912
v 570 53.724929
v 571 53.534904
v 572 53.684323
v 573 53.658154
v 574 52.559382
v 575 53.173356
v 576 54.022365
v 577 0.000000
v 578 43.376254
v 579 51.519957
v 580 0.000000
v 581 31.137155
v 582 51.282447
v 583 0.220994
v 584 55.808277
v 585 0.033455
v 586 51.512216
v 587 50.555833
v 588 52.746666
v 589 51.510705
v 590 51.667657
v 591 47.177662
v 592 51.552163
v 593 50.622081
v 594 48.927078
v 595 46.033427
v 596 52.435297
v 597 51.877766
v 598 50.760219
v 599 51.257898
