129 150 75

1 12 855 0 288 8 240
2 12 855 0 288 16 480
3 11 1750 0 168 2 60
4 5 1912 0 96 12.6 378
5 6 347 0 432 0.6 12
6 2 1917 0 48 7.2 216
7 6 346 0 432 0.6 12
8 6 610 0 528 0.6 18
9 6 614 0 528 0.6 18
10 6 310 0 192 0.8 24
11 6 348 0 432 0.6 12
12 6 613 0 528 0.6 18
13 3 1919 0 96 1.5 45
14 15 1631 0 72 6.4 64
15 1 615 0 96 6 60
16 1 615 0 96 7 70
17 1 615 0 648 3.5 35
18 1 615 0 648 4 40
19 8 310 0 312 4 120
20 8 311 0 312 4 120
21 8 312 0 312 4 120
22 8 313 0 312 4 120
23 8 314 0 312 4 120
24 8 315 0 312 4 120
25 8 386 0 312 3 60
26 8 387 0 312 3 60
27 8 394 0 312 3 60
28 9 518 0 312 30.1 1204
29 8 553 0 312 4.5 180
30 7 182 0 168 4 120
31 7 182 0 648 1 30
32 10 402 0 336 4.2 126
33 10 406 0 336 4.2 126
34 10 414 0 336 4.2 126
35 6 209 0 168 4 120
36 6 210 0 168 4 120
37 6 211 0 168 4 120
38 13 247 0 168 8 240
39 4 567 0 216 7.2 216
40 19 1082 0 72 7.2 216
41 19 284 0 72 7.2 216
42 19 292 0 72 7.2 216
43 19 283 0 72 7.2 216
44 19 287 0 72 7.2 216
45 19 291 0 72 7.2 216
46 19 289 0 72 7.2 216
47 19 290 0 72 7.2 216
48 19 615 0 72 3.2 32
49 19 286 0 72 7.2 216
50 19 285 0 72 7.2 216
51 19 1077 0 72 7.2 216
52 19 1081 0 72 7.2 216
53 19 1078 0 72 7.2 216
54 19 1080 0 72 7.2 216
55 19 1079 0 72 7.2 216
56 19 293 0 72 7.2 288
57 19 288 0 72 7.2 216
58 17 735 0 72 7.2 216
59 17 729 0 72 7.2 144
60 17 730 0 72 7.2 144
61 17 741 0 72 7.2 144
62 17 742 0 72 7.2 144
63 17 733 0 72 7.2 144
64 17 736 0 72 7.2 216
65 17 737 0 72 7.2 216
66 17 615 0 72 3.2 32
67 17 732 0 72 7.2 144
68 17 734 0 72 7.2 144
69 17 733 0 72 7.2 144
70 17 612 0 72 7.2 216
71 17 607 0 72 7.2 216
72 17 613 0 72 7.2 216
73 17 614 0 72 7.2 216
74 17 611 0 72 7.2 216
75 17 610 0 72 7.2 216
76 17 608 0 72 7.2 216
77 17 732 0 72 7.2 144
78 17 731 0 72 7.2 144
79 17 609 0 72 7.2 216
80 18 615 0 72 6.4 64
81 18 352 0 72 7.2 216
82 18 351 0 72 7.2 216
83 18 263 0 72 7.2 216
84 18 262 0 72 7.2 216
85 18 358 0 72 7.2 216
86 18 357 0 72 7.2 216
87 18 356 0 72 7.2 216
88 18 726 0 72 7.2 144
89 18 739 0 72 7.2 144
90 18 324 0 72 7.2 216
91 18 740 0 72 7.2 144
92 18 727 0 72 7.2 144
93 18 506 0 72 7.2 216
94 18 728 0 72 7.2 144
95 18 344 0 72 7.2 216
96 18 500 0 72 7.2 216
97 18 350 0 72 7.2 216
98 18 323 0 72 7.2 216
99 18 507 0 72 7.2 216
100 18 505 0 72 7.2 216
101 18 504 0 72 7.2 216
102 18 503 0 72 7.2 216
103 18 501 0 72 7.2 216
104 18 502 0 72 7.2 216
105 18 322 0 72 7.2 216
106 18 349 0 72 7.2 216
107 16 615 0 72 6.4 64
108 16 657 0 72 7.2 216
109 16 658 0 72 7.2 216
110 16 659 0 72 7.2 216
111 16 654 0 72 7.2 216
112 16 655 0 72 7.2 216
113 16 656 0 72 7.2 216
114 20 178 0 72 7.2 216
115 20 183 0 72 7.2 216
116 20 179 0 72 7.2 216
117 20 181 0 72 7.2 288
118 20 177 0 72 7.2 216
119 20 182 0 72 7.2 216
120 20 615 0 72 6.4 64
121 21 221 0 72 7.2 216
122 21 222 0 72 7.2 216
123 21 223 0 72 7.2 216
124 21 615 0 72 6.4 64
125 21 220 0 72 7.2 216
126 23 212 0 72 7.2 216
127 23 549 0 72 7.2 216
128 23 548 0 72 7.2 144
129 23 200 0 72 7.2 216
130 23 199 0 72 7.2 216
131 23 198 0 72 7.2 216
132 23 615 0 72 6.4 64
133 23 201 0 72 7.2 216
134 24 625 0 72 7.2 216
135 24 615 0 72 6.4 64
136 24 624 0 72 7.2 216
137 24 661 0 72 7.2 216
138 24 623 0 72 7.2 216
139 24 633 0 72 7.2 216
140 24 663 0 72 7.2 216
141 24 666 0 72 7.2 216
142 24 664 0 72 7.2 216
143 24 665 0 72 7.2 216
144 24 662 0 72 7.2 216
145 22 532 0 72 7.2 216
146 22 531 0 72 7.2 216
147 22 615 0 72 6.4 64
148 22 535 0 72 7.2 288
149 22 517 0 72 7.2 144
150 14 815 0 24 1.8 54

1 1 1 648
2 1 1 648
3 2 2 648
4 3 2 648
5 4 1 648
6 5 1 648
7 6 1 648
8 6 1 648
9 7 2 648
10 8 2 648
11 8 2 648
12 8 2 648
13 9 2 648
14 9 2 648
15 10 2 648
16 11 2 648
17 12 2 648
18 12 2 648
19 13 1 648
20 14 2 648
21 15 2 648
22 16 2 648
23 16 2 648
24 16 2 648
25 16 2 648
26 17 1 648
27 17 1 648
28 17 1 648
29 17 1 648
30 17 1 648
31 17 1 648
32 17 1 648
33 17 1 648
34 17 1 648
35 17 1 648
36 18 2 648
37 18 2 648
38 18 2 648
39 18 2 648
40 18 2 648
41 18 2 648
42 18 2 648
43 18 2 648
44 18 2 648
45 18 2 648
46 18 2 648
47 18 2 648
48 18 2 648
49 19 2 648
50 19 2 648
51 19 2 648
52 19 2 648
53 19 2 648
54 19 2 648
55 19 2 648
56 19 2 648
57 20 1 648
58 20 1 648
59 20 1 648
60 20 1 648
61 21 2 648
62 21 2 648
63 21 2 648
64 22 2 648
65 22 2 648
66 22 2 648
67 23 2 648
68 23 2 648
69 23 2 648
70 23 2 648
71 24 1 648
72 24 1 648
73 24 1 648
74 24 1 648
75 24 1 648
