215 600 77

1 2 308 0 48 2.4 72
2 2 300 0 48 2.4 72
3 4 12 0 168 3.5 105
4 4 16 0 168 3.5 105
5 4 8 0 168 3.5 35
6 4 11 0 168 3.5 140
7 4 8 0 168 3.5 140
8 4 9 0 168 3.5 140
9 4 10 0 168 3.5 105
10 4 11 0 168 3.5 140
11 4 11 0 168 3.5 140
12 4 15 0 168 3.5 105
13 4 14 0 168 3.5 105
14 4 17 0 168 3.5 140
15 4 17 0 168 3.5 140
16 4 18 0 168 3.5 105
17 4 18 0 168 3.5 70
18 4 19 0 168 3.5 105
19 4 13 0 168 3.5 105
20 13 241 0 144 13 260
21 11 176 0 72 13 390
22 11 194 0 72 13 390
23 11 286 0 72 13 390
24 11 287 0 72 13 520
25 11 291 0 72 13 390
26 11 285 0 72 13 390
27 11 175 0 72 13 390
28 11 166 0 72 13 390
29 11 183 0 72 13 390
30 11 168 0 72 13 390
31 11 170 0 72 13 390
32 11 171 0 72 13 390
33 11 172 0 72 13 390
34 11 173 0 72 13 390
35 11 174 0 72 13 390
36 11 169 0 72 13 390
37 11 290 0 72 13 390
38 11 179 0 72 13 390
39 11 265 0 72 13 130
40 11 185 0 72 13 390
41 11 184 0 72 13 390
42 11 188 0 72 13 390
43 11 186 0 72 13 390
44 11 167 0 72 13 390
45 11 181 0 72 13 390
46 11 180 0 72 13 390
47 11 189 0 72 13 390
48 11 187 0 72 13 390
49 11 193 0 72 13 390
50 11 191 0 72 13 390
51 11 192 0 72 13 390
52 11 177 0 72 13 390
53 11 288 0 72 13 520
54 11 190 0 72 13 390
55 11 212 0 72 13 390
56 11 195 0 72 13 260
57 11 197 0 72 13 390
58 11 196 0 72 13 260
59 11 198 0 72 13 390
60 11 231 0 72 13 390
61 11 208 0 72 13 390
62 11 209 0 72 13 390
63 11 211 0 72 13 390
64 11 215 0 72 13 390
65 11 213 0 72 13 390
66 11 214 0 72 13 390
67 11 216 0 72 13 390
68 11 230 0 72 13 390
69 11 207 0 72 13 390
70 11 277 0 72 13 520
71 11 182 0 72 13 390
72 11 210 0 72 13 390
73 11 268 0 72 13 390
74 11 217 0 72 13 390
75 11 275 0 72 13 390
76 11 263 0 72 13 390
77 11 264 0 72 13 390
78 11 234 0 72 13 390
79 11 233 0 72 13 390
80 11 274 0 72 13 520
81 11 178 0 72 13 390
82 11 283 0 72 13 390
83 11 284 0 72 13 520
84 11 289 0 72 13 520
85 11 278 0 72 13 520
86 11 281 0 72 13 390
87 11 282 0 72 13 390
88 11 276 0 72 13 390
89 11 292 0 72 13 390
90 11 267 0 72 13 390
91 7 153 0 72 7.2 72
92 6 226 0 72 7.2 72
93 19 330 0 96 3.6 108
94 11 229 0 72 2 60
95 11 229 0 72 2 60
96 11 226 0 72 1.6 16
97 11 226 0 72 1.6 16
98 12 266 0 72 3 30
99 12 266 0 72 3 30
100 6 159 0 72 4 40
101 13 79 0 72 7.2 72
102 10 79 0 72 7.2 72
103 10 121 0 72 7.2 72
104 13 79 0 72 7.2 72
105 13 79 0 72 7.2 72
106 13 79 0 72 7.2 72
107 13 82 0 72 7.2 144
108 18 90 0 72 7.2 144
109 18 91 0 72 7.2 144
110 18 92 0 72 7.2 144
111 18 125 0 72 7.2 144
112 18 126 0 72 7.2 144
113 2 335 24 96 2.4 72
114 19 329 24 120 3.6 108
115 2 302 24 72 2.4 72
116 19 302 24 120 3.6 108
117 2 68 24 72 2.4 72
118 4 93 24 96 1 10
119 4 284 24 96 3 120
120 4 294 24 96 3 30
121 4 286 24 96 3 90
122 4 288 24 96 3 120
123 4 289 24 96 3 120
124 4 281 24 96 3 90
125 4 285 24 96 3 90
126 4 282 24 96 3 90
127 4 287 24 96 3 120
128 4 116 24 96 3.3 99
129 4 128 24 96 3.3 99
130 4 136 24 96 3.3 99
131 4 134 24 96 3.3 99
132 4 133 24 96 3.3 99
133 4 132 24 96 3.3 99
134 4 131 24 96 3.3 99
135 4 294 24 96 3.3 33
136 4 135 24 96 3.3 99
137 4 115 24 96 3.3 99
138 4 114 24 96 3.3 99
139 4 97 24 96 3.3 99
140 4 96 24 96 3.3 99
141 4 95 24 96 3.3 99
142 4 130 24 96 3.3 99
143 4 94 24 96 3.3 99
144 4 129 24 96 3.3 99
145 4 93 24 96 1.5 15
146 4 141 24 96 1.5 45
147 4 142 24 96 1.5 45
148 4 144 24 96 1.5 45
149 4 147 24 96 1.5 45
150 4 148 24 96 1.5 45
151 4 149 24 96 1.5 45
152 4 150 24 96 1.5 45
153 4 137 24 96 1.5 45
154 4 111 24 96 1.5 45
155 4 140 24 96 1.5 45
156 4 143 24 96 1.5 45
157 4 146 24 96 1.5 45
158 4 117 24 96 1.5 45
159 4 105 24 96 1.5 45
160 4 102 24 96 1.5 60
161 4 103 24 96 1.5 45
162 4 104 24 96 1.5 45
163 4 100 24 96 1.5 30
164 4 101 24 96 1.5 60
165 4 118 24 96 1.5 45
166 4 145 24 96 1.5 45
167 4 119 24 96 1.5 45
168 4 139 24 96 1.5 45
169 4 100 24 96 1.5 45
170 4 138 24 96 1.5 45
171 4 106 24 96 1.5 45
172 4 292 24 96 3 90
173 4 266 24 96 3 30
174 4 283 24 96 3 90
175 4 290 24 96 3 90
176 4 291 24 96 3 90
177 20 325 24 72 12.8 384
178 20 320 24 216 12.8 384
179 2 297 24 96 7.2 72
180 5 294 24 96 7.2 72
181 5 113 24 96 7.2 72
182 9 273 24 96 6.4 64
183 9 159 24 96 6.4 64
184 9 273 24 96 6.4 64
185 9 273 24 96 6.4 64
186 8 273 24 96 7.2 72
187 8 273 24 96 6.4 64
188 8 273 24 96 5 50
189 8 273 24 96 4 40
190 8 159 24 96 6.4 64
191 7 159 24 96 7.2 72
192 6 159 24 96 7.2 72
193 20 330 24 216 6.4 192
194 20 330 24 216 6.4 192
195 6 226 24 192 1 10
196 6 159 24 192 2 20
197 14 265 24 96 7.2 72
198 15 111 24 96 7.2 216
199 13 265 24 96 7.2 72
200 22 64 24 96 7.2 216
201 2 325 48 96 2.4 72
202 2 296 48 96 2.4 72
203 3 300 48 144 1 30
204 13 107 48 168 4 120
205 20 321 48 96 15.4 462
206 20 322 48 96 15.4 462
207 20 325 48 96 15.4 462
208 20 322 48 96 3 90
209 3 311 48 144 0.9 27
210 7 159 48 120 7.2 72
211 6 226 48 120 7.2 72
212 6 226 48 120 7.2 72
213 12 78 48 120 4 40
214 12 78 48 120 4 40
215 13 113 48 120 7.2 72
216 13 113 48 120 7.2 72
217 11 89 48 216 7.2 144
218 11 123 48 216 7.2 144
219 18 124 48 120 7.2 144
220 2 328 72 120 2.4 72
221 2 298 72 120 2.4 72
222 2 322 72 120 2.4 72
223 4 93 72 144 1 10
224 4 294 72 144 2 20
225 4 266 72 144 1 10
226 1 294 72 144 6.4 64
227 2 336 72 144 2.4 72
228 7 280 72 144 6.4 64
229 7 280 72 144 6.4 64
230 20 316 72 120 6.4 192
231 20 323 72 672 3 90
232 20 325 72 120 3 90
233 20 316 72 120 8 240
234 12 93 72 144 6.4 64
235 12 93 72 144 6.4 64
236 20 319 72 264 12.8 384
237 20 319 72 264 3 90
238 20 319 72 264 15.4 462
239 19 319 72 168 3.6 108
240 13 78 72 144 7.2 72
241 20 317 72 168 6.4 192
242 19 300 96 192 3.6 108
243 2 306 96 144 2.4 72
244 13 248 96 192 13 260
245 20 324 96 192 12.8 384
246 19 309 96 1296 5.4 162
247 20 320 96 288 15.4 462
248 20 320 96 288 3 90
249 12 8 96 168 1.6 16
250 12 8 96 168 1.6 16
251 8 159 96 168 3 30
252 8 159 96 168 1 10
253 6 159 96 264 2 20
254 17 272 96 264 7.2 216
255 17 271 96 264 7.2 216
256 19 311 96 288 5.4 162
257 13 265 96 168 7.2 72
258 13 197 120 720 13 390
259 19 334 120 216 3.6 108
260 3 327 120 216 0.9 27
261 13 28 120 408 15.3 153
262 13 243 120 216 13 260
263 13 235 120 384 4 120
264 11 119 120 192 13 390
265 11 111 120 192 13 390
266 11 100 120 192 13 390
267 11 101 120 192 13 520
268 11 103 120 192 13 390
269 11 106 120 192 13 390
270 11 143 120 192 13 390
271 11 117 120 192 13 390
272 11 118 120 192 13 390
273 11 137 120 192 13 390
274 11 102 120 192 13 520
275 11 113 120 192 3 30
276 11 138 120 192 13 390
277 11 141 120 192 13 390
278 11 104 120 192 13 390
279 11 145 120 192 13 390
280 11 140 120 192 13 390
281 11 142 120 192 13 390
282 11 144 120 192 13 390
283 11 146 120 192 13 390
284 11 148 120 192 13 390
285 11 150 120 192 13 390
286 11 105 120 192 13 390
287 11 139 120 192 13 390
288 11 147 120 192 13 390
289 11 149 120 192 13 390
290 4 264 120 480 1.5 45
291 20 316 120 168 3.2 96
292 20 322 120 168 12.8 384
293 3 311 120 216 1 30
294 22 60 120 192 2.4 72
295 12 273 120 192 4 40
296 12 273 120 192 4 40
297 12 229 120 192 4 120
298 12 229 120 192 4 120
299 6 159 120 192 3 30
300 6 159 120 192 2 20
301 17 152 120 288 7.2 216
302 2 67 144 192 2.6 78
303 20 326 144 240 9.6 288
304 19 299 144 240 3.6 108
305 2 303 144 192 2.4 72
306 1 294 144 216 4 40
307 17 279 144 312 7.2 216
308 17 253 144 312 7.2 216
309 17 254 144 312 7.2 216
310 13 242 144 240 13 260
311 11 95 144 216 13 390
312 11 94 144 216 13 390
313 11 130 144 216 13 390
314 11 78 144 216 3 30
315 11 96 144 216 13 390
316 11 134 144 216 13 390
317 11 129 144 216 13 390
318 11 135 144 216 13 390
319 11 133 144 216 13 390
320 11 97 144 216 13 390
321 11 131 144 216 13 390
322 11 136 144 216 13 390
323 11 128 144 216 13 390
324 11 132 144 216 13 390
325 20 321 144 192 3 90
326 5 113 144 216 7.2 72
327 8 106 144 312 7.2 216
328 8 98 144 312 7.2 216
329 8 99 144 312 7.2 216
330 12 229 144 216 2.4 72
331 12 229 144 216 2.4 72
332 22 29 144 216 2.4 48
333 7 159 144 216 7.2 72
334 13 219 144 408 10 300
335 13 220 144 408 10 300
336 13 221 144 408 10 300
337 13 222 144 408 10 300
338 13 223 144 408 10 300
339 3 331 144 240 0.8 24
340 3 312 144 240 0.9 27
341 16 98 144 216 7.2 216
342 16 99 144 216 7.2 216
343 16 101 144 216 7.2 288
344 16 102 144 216 7.2 288
345 16 103 144 216 7.2 216
346 16 104 144 216 7.2 216
347 16 105 144 216 7.2 216
348 16 95 144 216 7.2 216
349 16 96 144 216 7.2 216
350 11 122 144 216 7.2 216
351 11 124 144 216 7.2 144
352 11 125 144 216 7.2 144
353 11 126 144 216 7.2 144
354 11 122 144 216 7.2 216
355 11 124 144 216 7.2 144
356 11 125 144 216 7.2 144
357 11 126 144 216 7.2 144
358 11 122 144 216 7.2 216
359 11 124 144 216 7.2 144
360 11 85 144 216 7.2 216
361 2 307 168 216 2.4 72
362 2 332 168 240 2.4 72
363 2 304 168 216 2.4 72
364 3 303 168 264 1 30
365 19 324 168 264 3.6 108
366 13 267 168 336 7.5 225
367 11 176 168 240 13 390
368 11 194 168 240 13 390
369 11 286 168 240 13 390
370 11 287 168 240 13 520
371 11 291 168 240 13 390
372 11 285 168 240 13 390
373 11 175 168 240 13 390
374 11 166 168 240 13 390
375 11 183 168 240 13 390
376 11 168 168 240 13 390
377 11 170 168 240 13 390
378 11 171 168 240 13 390
379 11 172 168 240 13 390
380 11 173 168 240 13 390
381 11 174 168 240 13 390
382 11 169 168 240 13 390
383 11 290 168 240 13 390
384 11 179 168 240 13 390
385 11 265 168 240 13 130
386 11 185 168 240 13 390
387 11 184 168 240 13 390
388 11 188 168 240 13 390
389 11 186 168 240 13 390
390 11 167 168 240 13 390
391 11 181 168 240 13 390
392 11 180 168 240 13 390
393 11 189 168 240 13 390
394 11 187 168 240 13 390
395 11 193 168 240 13 390
396 11 191 168 240 13 390
397 11 192 168 240 13 390
398 11 177 168 240 13 390
399 11 288 168 240 13 520
400 11 190 168 240 13 390
401 11 212 168 240 13 390
402 11 195 168 240 13 260
403 11 197 168 240 13 390
404 11 196 168 240 13 260
405 11 198 168 240 13 390
406 11 231 168 240 13 390
407 11 208 168 240 13 390
408 11 209 168 240 13 390
409 11 211 168 240 13 390
410 11 215 168 240 13 390
411 11 213 168 240 13 390
412 11 214 168 240 13 390
413 11 216 168 240 13 390
414 11 230 168 240 13 390
415 11 207 168 240 13 390
416 11 277 168 240 13 520
417 11 182 168 240 13 390
418 11 210 168 240 13 390
419 11 268 168 240 13 390
420 11 217 168 240 13 390
421 11 275 168 240 13 390
422 11 263 168 240 13 390
423 11 264 168 240 13 390
424 11 234 168 240 13 390
425 11 233 168 240 13 390
426 11 274 168 240 13 520
427 11 178 168 240 13 390
428 11 283 168 240 13 390
429 11 284 168 240 13 520
430 11 289 168 240 13 520
431 11 278 168 240 13 520
432 11 281 168 240 13 390
433 11 282 168 240 13 390
434 11 276 168 240 13 390
435 11 292 168 240 13 390
436 11 267 168 240 13 390
437 20 337 168 264 6 180
438 20 328 168 264 6.4 192
439 20 337 168 264 3 90
440 20 324 168 264 15.4 462
441 20 335 168 216 11.2 336
442 20 324 168 264 12.8 384
443 20 335 168 216 6 180
444 20 328 168 264 6.4 192
445 20 324 168 264 3 90
446 20 335 168 216 8 240
447 7 153 168 240 7.2 72
448 6 226 168 240 7.2 72
449 6 226 168 240 7.2 72
450 11 229 168 240 2 60
451 11 229 168 240 2 60
452 11 226 168 240 1.6 16
453 11 226 168 240 1.6 16
454 12 266 168 240 3 30
455 12 266 168 240 3 30
456 17 270 168 336 7.2 216
457 7 159 168 240 7.2 72
458 13 79 168 240 7.2 72
459 10 79 168 240 7.2 72
460 10 121 168 240 7.2 72
461 13 79 168 240 7.2 72
462 13 79 168 240 7.2 72
463 13 79 168 240 7.2 72
464 13 82 168 240 7.2 144
465 18 90 168 240 7.2 144
466 18 91 168 240 7.2 144
467 18 92 168 240 7.2 144
468 18 125 168 240 7.2 144
469 18 126 168 240 7.2 144
470 3 300 192 288 1 30
471 2 323 192 240 2.4 72
472 17 26 192 336 7.2 216
473 4 93 192 264 1 10
474 1 294 192 360 13.2 132
475 4 284 192 264 3 120
476 4 294 192 264 3 30
477 4 286 192 264 3 90
478 4 288 192 264 3 120
479 4 289 192 264 3 120
480 4 281 192 264 3 90
481 4 285 192 264 3 90
482 4 282 192 264 3 90
483 4 287 192 264 3 120
484 4 116 192 264 3.3 99
485 4 128 192 264 3.3 99
486 4 136 192 264 3.3 99
487 4 134 192 264 3.3 99
488 4 133 192 264 3.3 99
489 4 132 192 264 3.3 99
490 4 131 192 264 3.3 99
491 4 294 192 264 3.3 33
492 4 135 192 264 3.3 99
493 4 115 192 264 3.3 99
494 4 114 192 264 3.3 99
495 4 97 192 264 3.3 99
496 4 96 192 264 3.3 99
497 4 95 192 264 3.3 99
498 4 130 192 264 3.3 99
499 4 94 192 264 3.3 99
500 4 129 192 264 3.3 99
501 4 93 192 264 1.5 15
502 4 141 192 264 1.5 45
503 4 142 192 264 1.5 45
504 4 144 192 264 1.5 45
505 4 147 192 264 1.5 45
506 4 148 192 264 1.5 45
507 4 149 192 264 1.5 45
508 4 150 192 264 1.5 45
509 4 137 192 264 1.5 45
510 4 111 192 264 1.5 45
511 4 140 192 264 1.5 45
512 4 143 192 264 1.5 45
513 4 146 192 264 1.5 45
514 4 117 192 264 1.5 45
515 4 105 192 264 1.5 45
516 4 102 192 264 1.5 60
517 4 103 192 264 1.5 45
518 4 104 192 264 1.5 45
519 4 100 192 264 1.5 30
520 4 101 192 264 1.5 60
521 4 118 192 264 1.5 45
522 4 145 192 264 1.5 45
523 4 119 192 264 1.5 45
524 4 139 192 264 1.5 45
525 4 100 192 264 1.5 45
526 4 138 192 264 1.5 45
527 4 106 192 264 1.5 45
528 4 292 192 264 3 90
529 4 266 192 264 3 30
530 4 283 192 264 3 90
531 4 290 192 264 3 90
532 4 291 192 264 3 90
533 13 268 192 360 8 240
534 20 334 192 384 6 180
535 2 297 192 264 7.2 72
536 5 294 192 264 7.2 72
537 5 113 192 264 7.2 72
538 9 273 192 264 6.4 64
539 9 159 192 264 6.4 64
540 9 273 192 264 6.4 64
541 9 273 192 264 6.4 64
542 8 273 192 264 7.2 72
543 8 273 192 264 6.4 64
544 8 273 192 264 5 50
545 8 273 192 264 4 40
546 8 159 192 264 6.4 64
547 7 159 192 264 7.2 72
548 6 159 192 264 7.2 72
549 14 265 192 264 7.2 72
550 15 111 192 264 7.2 216
551 3 339 216 312 1 30
552 19 335 216 312 3.6 108
553 3 316 216 312 1.2 36
554 2 316 216 264 1 30
555 2 338 216 288 2.4 72
556 20 337 216 312 4 120
557 7 159 216 288 7.2 72
558 6 226 216 288 7.2 72
559 6 226 216 288 7.2 72
560 12 78 216 288 4 40
561 12 78 216 288 4 40
562 12 189 216 360 1 30
563 12 166 216 360 1 30
564 12 192 216 360 1 30
565 12 190 216 360 1 30
566 12 168 216 360 1 30
567 12 167 216 360 1 30
568 12 191 216 360 1 30
569 12 265 216 360 1 10
570 13 159 216 288 7.2 72
571 13 113 216 288 7.2 72
572 18 124 216 288 7.2 144
573 2 335 240 312 2.4 72
574 3 316 240 336 1.2 36
575 19 316 240 336 3.6 108
576 21 322 240 432 1.4 42
577 2 299 240 288 2.4 72
578 2 301 240 288 2.4 72
579 2 305 240 288 2.4 72
580 2 324 240 288 2.4 72
581 4 93 240 312 1 10
582 4 294 240 312 2 20
583 4 266 240 312 1 10
584 4 158 240 432 2 80
585 2 336 240 312 2.4 72
586 13 244 240 336 13 260
587 7 280 240 312 6.4 64
588 7 280 240 312 6.4 64
589 20 334 240 432 11.2 336
590 20 329 240 288 6.4 192
591 20 329 240 288 6.4 192
592 20 334 240 432 8 240
593 3 317 240 336 1.2 36
594 3 317 240 336 1.4 42
595 12 93 240 312 6.4 64
596 12 93 240 312 6.4 64
597 13 265 240 312 7.2 72
598 13 78 240 312 7.2 72
599 2 310 264 312 2.4 72
600 2 337 264 288 2.4 72

1 1 1 1296
2 2 2 1296
3 2 2 1296
4 3 1 1296
5 4 2 1296
6 4 2 1296
7 4 2 1296
8 4 2 1296
9 4 2 1296
10 4 2 1296
11 5 2 1296
12 6 2 1296
13 6 2 1296
14 7 2 1296
15 7 2 1296
16 8 1 1296
17 8 1 1296
18 9 1 1296
19 10 1 1296
20 11 2 1296
21 11 2 1296
22 11 2 1296
23 11 2 1296
24 11 2 1296
25 11 2 1296
26 11 2 1296
27 11 2 1296
28 11 2 1296
29 11 2 1296
30 11 2 1296
31 11 2 1296
32 11 2 1296
33 11 2 1296
34 11 2 1296
35 11 2 1296
36 11 2 1296
37 11 2 1296
38 11 2 1296
39 11 2 1296
40 11 2 1296
41 11 2 1296
42 11 2 1296
43 11 2 1296
44 11 2 1296
45 11 2 1296
46 11 2 1296
47 11 2 1296
48 11 2 1296
49 11 2 1296
50 11 2 1296
51 11 2 1296
52 11 2 1296
53 11 2 1296
54 11 2 1296
55 11 2 1296
56 11 2 1296
57 12 1 1296
58 12 1 1296
59 13 1 1296
60 13 1 1296
61 13 1 1296
62 13 1 1296
63 13 1 1296
64 14 2 1296
65 15 2 1296
66 16 1 1296
67 17 1 1296
68 18 2 1296
69 18 2 1296
70 19 2 1296
71 20 1 1296
72 20 1 1296
73 20 1 1296
74 20 1 1296
75 20 1 1296
76 21 1 1296
77 22 1 1296
