181 300 75

1 2 308 0 48 2.4 72
2 2 300 0 48 2.4 72
3 4 12 0 168 3.5 105
4 4 16 0 168 3.5 105
5 4 8 0 168 3.5 35
6 4 11 0 168 3.5 140
7 4 8 0 168 3.5 140
8 4 9 0 168 3.5 140
9 4 10 0 168 3.5 105
10 4 11 0 168 3.5 140
11 4 11 0 168 3.5 140
12 4 15 0 168 3.5 105
13 4 14 0 168 3.5 105
14 4 17 0 168 3.5 140
15 4 17 0 168 3.5 140
16 4 18 0 168 3.5 105
17 4 18 0 168 3.5 70
18 4 19 0 168 3.5 105
19 4 13 0 168 3.5 105
20 13 241 0 144 13 260
21 11 176 0 72 13 390
22 11 194 0 72 13 390
23 11 286 0 72 13 390
24 11 287 0 72 13 520
25 11 291 0 72 13 390
26 11 285 0 72 13 390
27 11 175 0 72 13 390
28 11 166 0 72 13 390
29 11 183 0 72 13 390
30 11 168 0 72 13 390
31 11 170 0 72 13 390
32 11 171 0 72 13 390
33 11 172 0 72 13 390
34 11 173 0 72 13 390
35 11 174 0 72 13 390
36 11 169 0 72 13 390
37 11 290 0 72 13 390
38 11 179 0 72 13 390
39 11 265 0 72 13 130
40 11 185 0 72 13 390
41 11 184 0 72 13 390
42 11 188 0 72 13 390
43 11 186 0 72 13 390
44 11 167 0 72 13 390
45 11 181 0 72 13 390
46 11 180 0 72 13 390
47 11 189 0 72 13 390
48 11 187 0 72 13 390
49 11 193 0 72 13 390
50 11 191 0 72 13 390
51 11 192 0 72 13 390
52 11 177 0 72 13 390
53 11 288 0 72 13 520
54 11 190 0 72 13 390
55 11 212 0 72 13 390
56 11 195 0 72 13 260
57 11 197 0 72 13 390
58 11 196 0 72 13 260
59 11 198 0 72 13 390
60 11 231 0 72 13 390
61 11 208 0 72 13 390
62 11 209 0 72 13 390
63 11 211 0 72 13 390
64 11 215 0 72 13 390
65 11 213 0 72 13 390
66 11 214 0 72 13 390
67 11 216 0 72 13 390
68 11 230 0 72 13 390
69 11 207 0 72 13 390
70 11 277 0 72 13 520
71 11 182 0 72 13 390
72 11 210 0 72 13 390
73 11 268 0 72 13 390
74 11 217 0 72 13 390
75 11 275 0 72 13 390
76 11 263 0 72 13 390
77 11 264 0 72 13 390
78 11 234 0 72 13 390
79 11 233 0 72 13 390
80 11 274 0 72 13 520
81 11 178 0 72 13 390
82 11 283 0 72 13 390
83 11 284 0 72 13 520
84 11 289 0 72 13 520
85 11 278 0 72 13 520
86 11 281 0 72 13 390
87 11 282 0 72 13 390
88 11 276 0 72 13 390
89 11 292 0 72 13 390
90 11 267 0 72 13 390
91 7 153 0 72 7.2 72
92 6 226 0 72 7.2 72
93 18 330 0 96 3.6 108
94 11 229 0 72 2 60
95 11 229 0 72 2 60
96 11 226 0 72 1.6 16
97 11 226 0 72 1.6 16
98 12 266 0 72 3 30
99 12 266 0 72 3 30
100 6 159 0 72 4 40
101 13 79 0 72 7.2 72
102 10 79 0 72 7.2 72
103 10 121 0 72 7.2 72
104 13 79 0 72 7.2 72
105 13 79 0 72 7.2 72
106 13 79 0 72 7.2 72
107 13 82 0 72 7.2 144
108 17 90 0 72 7.2 144
109 17 91 0 72 7.2 144
110 17 92 0 72 7.2 144
111 17 125 0 72 7.2 144
112 17 126 0 72 7.2 144
113 2 335 24 96 2.4 72
114 18 329 24 120 3.6 108
115 2 302 24 72 2.4 72
116 18 302 24 120 3.6 108
117 2 68 24 72 2.4 72
118 4 93 24 96 1 10
119 4 284 24 96 3 120
120 4 294 24 96 3 30
121 4 286 24 96 3 90
122 4 288 24 96 3 120
123 4 289 24 96 3 120
124 4 281 24 96 3 90
125 4 285 24 96 3 90
126 4 282 24 96 3 90
127 4 287 24 96 3 120
128 4 116 24 96 3.3 99
129 4 128 24 96 3.3 99
130 4 136 24 96 3.3 99
131 4 134 24 96 3.3 99
132 4 133 24 96 3.3 99
133 4 132 24 96 3.3 99
134 4 131 24 96 3.3 99
135 4 294 24 96 3.3 33
136 4 135 24 96 3.3 99
137 4 115 24 96 3.3 99
138 4 114 24 96 3.3 99
139 4 97 24 96 3.3 99
140 4 96 24 96 3.3 99
141 4 95 24 96 3.3 99
142 4 130 24 96 3.3 99
143 4 94 24 96 3.3 99
144 4 129 24 96 3.3 99
145 4 93 24 96 1.5 15
146 4 141 24 96 1.5 45
147 4 142 24 96 1.5 45
148 4 144 24 96 1.5 45
149 4 147 24 96 1.5 45
150 4 148 24 96 1.5 45
151 4 149 24 96 1.5 45
152 4 150 24 96 1.5 45
153 4 137 24 96 1.5 45
154 4 111 24 96 1.5 45
155 4 140 24 96 1.5 45
156 4 143 24 96 1.5 45
157 4 146 24 96 1.5 45
158 4 117 24 96 1.5 45
159 4 105 24 96 1.5 45
160 4 102 24 96 1.5 60
161 4 103 24 96 1.5 45
162 4 104 24 96 1.5 45
163 4 100 24 96 1.5 30
164 4 101 24 96 1.5 60
165 4 118 24 96 1.5 45
166 4 145 24 96 1.5 45
167 4 119 24 96 1.5 45
168 4 139 24 96 1.5 45
169 4 100 24 96 1.5 45
170 4 138 24 96 1.5 45
171 4 106 24 96 1.5 45
172 4 292 24 96 3 90
173 4 266 24 96 3 30
174 4 283 24 96 3 90
175 4 290 24 96 3 90
176 4 291 24 96 3 90
177 19 325 24 72 12.8 384
178 19 320 24 216 12.8 384
179 2 297 24 96 7.2 72
180 5 294 24 96 7.2 72
181 5 113 24 96 7.2 72
182 9 273 24 96 6.4 64
183 9 159 24 96 6.4 64
184 9 273 24 96 6.4 64
185 9 273 24 96 6.4 64
186 8 273 24 96 7.2 72
187 8 273 24 96 6.4 64
188 8 273 24 96 5 50
189 8 273 24 96 4 40
190 8 159 24 96 6.4 64
191 7 159 24 96 7.2 72
192 6 159 24 96 7.2 72
193 19 330 24 216 6.4 192
194 19 330 24 216 6.4 192
195 6 226 24 192 1 10
196 6 159 24 192 2 20
197 14 265 24 96 7.2 72
198 15 111 24 96 7.2 216
199 13 265 24 96 7.2 72
200 20 64 24 96 7.2 216
201 2 325 48 96 2.4 72
202 2 296 48 96 2.4 72
203 3 300 48 144 1 30
204 13 107 48 168 4 120
205 19 321 48 96 15.4 462
206 19 322 48 96 15.4 462
207 19 325 48 96 15.4 462
208 19 322 48 96 3 90
209 3 311 48 144 0.9 27
210 7 159 48 120 7.2 72
211 6 226 48 120 7.2 72
212 6 226 48 120 7.2 72
213 12 78 48 120 4 40
214 12 78 48 120 4 40
215 13 113 48 120 7.2 72
216 13 113 48 120 7.2 72
217 11 89 48 216 7.2 144
218 11 123 48 216 7.2 144
219 17 124 48 120 7.2 144
220 2 328 72 120 2.4 72
221 2 298 72 120 2.4 72
222 2 322 72 120 2.4 72
223 4 93 72 144 1 10
224 4 294 72 144 2 20
225 4 266 72 144 1 10
226 1 294 72 144 6.4 64
227 2 336 72 144 2.4 72
228 7 280 72 144 6.4 64
229 7 280 72 144 6.4 64
230 19 316 72 120 6.4 192
231 19 323 72 672 3 90
232 19 325 72 120 3 90
233 19 316 72 120 8 240
234 12 93 72 144 6.4 64
235 12 93 72 144 6.4 64
236 19 319 72 264 12.8 384
237 19 319 72 264 3 90
238 19 319 72 264 15.4 462
239 18 319 72 168 3.6 108
240 13 78 72 144 7.2 72
241 19 317 72 168 6.4 192
242 18 300 96 192 3.6 108
243 2 306 96 144 2.4 72
244 13 248 96 192 13 260
245 19 324 96 192 12.8 384
246 18 309 96 1296 5.4 162
247 19 320 96 288 15.4 462
248 19 320 96 288 3 90
249 12 8 96 168 1.6 16
250 12 8 96 168 1.6 16
251 8 159 96 168 3 30
252 8 159 96 168 1 10
253 6 159 96 264 2 20
254 16 272 96 264 7.2 216
255 16 271 96 264 7.2 216
256 18 311 96 288 5.4 162
257 13 265 96 168 7.2 72
258 13 197 120 720 13 390
259 18 334 120 216 3.6 108
260 3 327 120 216 0.9 27
261 13 28 120 408 15.3 153
262 13 243 120 216 13 260
263 13 235 120 384 4 120
264 11 119 120 192 13 390
265 11 111 120 192 13 390
266 11 100 120 192 13 390
267 11 101 120 192 13 520
268 11 103 120 192 13 390
269 11 106 120 192 13 390
270 11 143 120 192 13 390
271 11 117 120 192 13 390
272 11 118 120 192 13 390
273 11 137 120 192 13 390
274 11 102 120 192 13 520
275 11 113 120 192 3 30
276 11 138 120 192 13 390
277 11 141 120 192 13 390
278 11 104 120 192 13 390
279 11 145 120 192 13 390
280 11 140 120 192 13 390
281 11 142 120 192 13 390
282 11 144 120 192 13 390
283 11 146 120 192 13 390
284 11 148 120 192 13 390
285 11 150 120 192 13 390
286 11 105 120 192 13 390
287 11 139 120 192 13 390
288 11 147 120 192 13 390
289 11 149 120 192 13 390
290 4 264 120 480 1.5 45
291 19 316 120 168 3.2 96
292 19 322 120 168 12.8 384
293 3 311 120 216 1 30
294 20 60 120 192 2.4 72
295 12 273 120 192 4 40
296 12 273 120 192 4 40
297 12 229 120 192 4 120
298 12 229 120 192 4 120
299 6 159 120 192 3 30
300 6 159 120 192 2 20

1 1 1 1296
2 2 2 1296
3 2 2 1296
4 3 1 1296
5 4 2 1296
6 4 2 1296
7 4 2 1296
8 4 2 1296
9 4 2 1296
10 4 2 1296
11 5 2 1296
12 6 2 1296
13 6 2 1296
14 7 2 1296
15 7 2 1296
16 8 1 1296
17 9 1 1296
18 10 1 1296
19 11 2 1296
20 11 2 1296
21 11 2 1296
22 11 2 1296
23 11 2 1296
24 11 2 1296
25 11 2 1296
26 11 2 1296
27 11 2 1296
28 11 2 1296
29 11 2 1296
30 11 2 1296
31 11 2 1296
32 11 2 1296
33 11 2 1296
34 11 2 1296
35 11 2 1296
36 11 2 1296
37 11 2 1296
38 11 2 1296
39 11 2 1296
40 11 2 1296
41 11 2 1296
42 11 2 1296
43 11 2 1296
44 11 2 1296
45 11 2 1296
46 11 2 1296
47 11 2 1296
48 11 2 1296
49 11 2 1296
50 11 2 1296
51 11 2 1296
52 11 2 1296
53 11 2 1296
54 11 2 1296
55 11 2 1296
56 12 1 1296
57 12 1 1296
58 13 1 1296
59 13 1 1296
60 13 1 1296
61 13 1 1296
62 13 1 1296
63 14 2 1296
64 15 2 1296
65 16 1 1296
66 17 1 1296
67 17 1 1296
68 18 2 1296
69 19 2 1296
70 19 2 1296
71 19 2 1296
72 19 2 1296
73 19 2 1296
74 19 2 1296
75 20 1 1296
