181 300 75
# Job row format: id skill mach E L P omega | 30 rho draws | rho average
# rho ~ Triangular(0.3, 0.5, 0.7) [low, mode, high] | seed = 42 per instance, stream consumed in job row order | S = 30 draws per job
# The final column of each job row is that job's average of its 30 draws.
1 2 308 0 48 2.4 72 0.530159 0.344731 0.448332 0.433630 0.554803 0.539177 0.607126 0.383397 0.483722 0.348824 0.432254 0.501074 0.346075 0.426123 0.532640 0.509200 0.432798 0.518730 0.576527 0.322801 0.575363 0.544601 0.464985 0.411527 0.641494 0.464096 0.386137 0.387962 0.589544 0.521950 0.475326
2 2 300 0 48 2.4 72 0.575784 0.552958 0.507382 0.653624 0.474019 0.510694 0.583177 0.525305 0.594817 0.516120 0.546266 0.360547 0.435025 0.452155 0.379896 0.436467 0.389889 0.449124 0.529280 0.470841 0.472089 0.429463 0.446145 0.628813 0.532199 0.523168 0.417009 0.552793 0.414334 0.474231 0.494454
3 4 12 0 168 3.5 105 0.671049 0.530294 0.511734 0.541158 0.587876 0.566134 0.435366 0.350676 0.458859 0.446353 0.429918 0.632419 0.600549 0.458664 0.533973 0.477906 0.617319 0.491594 0.445569 0.440464 0.512675 0.444980 0.517700 0.609589 0.478751 0.432460 0.685965 0.501914 0.385280 0.361395 0.505286
4 4 16 0 168 3.5 105 0.393659 0.527361 0.571028 0.483774 0.371290 0.474727 0.682385 0.505910 0.651899 0.594465 0.330306 0.550527 0.540428 0.507536 0.446103 0.530521 0.394468 0.486497 0.490520 0.639216 0.600342 0.445159 0.500117 0.419550 0.616395 0.598223 0.454517 0.530047 0.523132 0.410576 0.509023
5 4 8 0 168 3.5 35 0.562163 0.508037 0.566922 0.506166 0.306764 0.461036 0.339473 0.624687 0.601500 0.583954 0.456847 0.368074 0.601211 0.634854 0.382778 0.497178 0.374411 0.561610 0.563131 0.401348 0.494994 0.510222 0.445618 0.598978 0.483987 0.430169 0.508020 0.553012 0.426855 0.457915 0.493730
6 4 11 0 168 3.5 140 0.680301 0.532639 0.487211 0.503547 0.398389 0.434074 0.464459 0.518519 0.435680 0.432731 0.375362 0.528210 0.435334 0.613015 0.594032 0.375290 0.437987 0.537268 0.430916 0.402883 0.628175 0.514753 0.494457 0.568735 0.575902 0.423421 0.388059 0.485699 0.484082 0.493292 0.489147
7 4 8 0 168 3.5 140 0.552779 0.538350 0.664408 0.388732 0.479471 0.464755 0.594804 0.441041 0.423356 0.489444 0.483713 0.449277 0.441367 0.621650 0.488283 0.594681 0.510332 0.363617 0.692424 0.585467 0.650197 0.623249 0.589980 0.415347 0.497107 0.430766 0.479118 0.368490 0.474120 0.665717 0.515401
8 4 9 0 168 3.5 140 0.445658 0.568568 0.490790 0.483958 0.641566 0.680864 0.511483 0.549909 0.411282 0.454067 0.649968 0.516518 0.508625 0.558007 0.367626 0.517611 0.500571 0.591453 0.412226 0.643985 0.380056 0.421926 0.520008 0.538808 0.437173 0.397933 0.606314 0.440347 0.519893 0.525502 0.509756
9 4 10 0 168 3.5 105 0.483134 0.517500 0.504610 0.627726 0.427831 0.549319 0.438184 0.477941 0.537936 0.454919 0.459041 0.559107 0.376180 0.491475 0.688880 0.682328 0.376556 0.430585 0.445657 0.626930 0.602374 0.601723 0.471937 0.412338 0.584673 0.545997 0.523745 0.668041 0.533621 0.325017 0.514177
10 4 11 0 168 3.5 140 0.579039 0.454759 0.535900 0.630103 0.403650 0.396095 0.392536 0.510944 0.447607 0.522198 0.549697 0.427624 0.528942 0.445323 0.497693 0.612977 0.589042 0.385929 0.484082 0.448776 0.316842 0.564684 0.529615 0.444763 0.556120 0.510618 0.484973 0.327813 0.377585 0.603297 0.485307
11 4 11 0 168 3.5 140 0.612332 0.509336 0.584968 0.517245 0.408846 0.400973 0.457037 0.610103 0.572289 0.594436 0.610078 0.429638 0.441288 0.390683 0.567370 0.603723 0.480306 0.525796 0.411195 0.625103 0.595925 0.656371 0.576962 0.602600 0.344530 0.554828 0.463018 0.625604 0.574218 0.595717 0.531417
12 4 15 0 168 3.5 105 0.576955 0.446097 0.569577 0.392993 0.598873 0.593640 0.433397 0.578868 0.491896 0.456254 0.572045 0.434936 0.343510 0.424300 0.462052 0.595828 0.648533 0.449432 0.530644 0.478814 0.661167 0.507379 0.630279 0.396059 0.651338 0.419522 0.645253 0.445730 0.393125 0.486454 0.510498
13 4 14 0 168 3.5 105 0.552635 0.458411 0.522508 0.502298 0.475544 0.515954 0.442751 0.547366 0.311632 0.622838 0.507844 0.550181 0.556320 0.537674 0.470698 0.374819 0.536107 0.462530 0.458472 0.589733 0.550268 0.455003 0.457298 0.480752 0.479421 0.453793 0.400911 0.483400 0.630928 0.539331 0.497581
14 4 17 0 168 3.5 140 0.611821 0.524618 0.455164 0.509829 0.305699 0.451503 0.485448 0.516694 0.533797 0.492871 0.488077 0.430752 0.494563 0.611087 0.572258 0.416513 0.382363 0.503115 0.528639 0.463753 0.579476 0.558901 0.538209 0.434057 0.426216 0.344204 0.439955 0.494964 0.590360 0.376330 0.485374
15 4 17 0 168 3.5 140 0.482086 0.527899 0.424719 0.544142 0.498872 0.439710 0.534122 0.321061 0.558852 0.564367 0.392342 0.484423 0.418621 0.642011 0.503624 0.363384 0.441194 0.589850 0.491094 0.573958 0.536924 0.668878 0.520101 0.636780 0.606802 0.523966 0.550140 0.500958 0.583576 0.509815 0.514476
16 4 18 0 168 3.5 105 0.609317 0.556795 0.494869 0.443998 0.440638 0.529744 0.563124 0.504306 0.527199 0.448215 0.378732 0.451189 0.447435 0.459927 0.508198 0.405214 0.436018 0.543526 0.546747 0.371682 0.480577 0.508712 0.482379 0.428634 0.483334 0.612748 0.517589 0.543929 0.592942 0.563060 0.496026
17 4 18 0 168 3.5 70 0.474443 0.321718 0.467752 0.559565 0.591722 0.638963 0.483089 0.557878 0.509450 0.521843 0.432827 0.432490 0.486727 0.348187 0.463983 0.539786 0.479848 0.414907 0.493368 0.401046 0.526163 0.346447 0.477543 0.513322 0.346564 0.530944 0.404192 0.492187 0.363425 0.474150 0.469818
18 4 19 0 168 3.5 105 0.430126 0.461702 0.561791 0.474155 0.559148 0.584043 0.442062 0.380948 0.339378 0.508046 0.697285 0.467323 0.532702 0.567707 0.533088 0.559781 0.636509 0.426289 0.340378 0.410411 0.400487 0.537386 0.513232 0.432050 0.544943 0.563442 0.415858 0.522743 0.557993 0.395722 0.493224
19 4 13 0 168 3.5 105 0.579767 0.646874 0.392994 0.345324 0.457977 0.539338 0.642154 0.478136 0.549007 0.377973 0.542676 0.527314 0.390289 0.565087 0.590563 0.521207 0.398409 0.664049 0.568132 0.466662 0.485122 0.472179 0.501196 0.465223 0.590301 0.580780 0.391886 0.643991 0.529257 0.582938 0.516227
20 13 241 0 144 13 260 0.546979 0.486652 0.554067 0.647444 0.446992 0.576129 0.507786 0.496672 0.486671 0.553310 0.446532 0.591083 0.583632 0.383265 0.602689 0.439675 0.492813 0.523440 0.474124 0.347917 0.590804 0.420612 0.430267 0.572825 0.465006 0.602151 0.545387 0.448666 0.328497 0.635541 0.507588
21 11 176 0 72 13 390 0.382759 0.550354 0.497702 0.560907 0.542675 0.531691 0.498156 0.571293 0.386280 0.433145 0.542974 0.456514 0.517037 0.494579 0.506283 0.484500 0.557434 0.462675 0.545820 0.447219 0.441818 0.398247 0.424124 0.397798 0.507306 0.562069 0.421705 0.431570 0.496814 0.551564 0.486767
22 11 194 0 72 13 390 0.656740 0.504990 0.450466 0.389678 0.424617 0.434902 0.419814 0.333643 0.506948 0.448138 0.654652 0.510973 0.544415 0.400510 0.597418 0.498167 0.599092 0.515406 0.493783 0.487717 0.421446 0.364110 0.631335 0.495495 0.580707 0.479044 0.376984 0.527825 0.365488 0.409251 0.484125
23 11 286 0 72 13 390 0.512990 0.455907 0.677942 0.397345 0.562725 0.522533 0.570614 0.434369 0.504567 0.489845 0.488196 0.594233 0.671760 0.456302 0.525880 0.523281 0.555803 0.635248 0.428930 0.429931 0.535180 0.412092 0.417920 0.377493 0.314631 0.489843 0.519736 0.452646 0.436081 0.546887 0.498030
24 11 287 0 72 13 520 0.545854 0.490585 0.541857 0.621980 0.569717 0.526808 0.535363 0.627154 0.484421 0.509120 0.532104 0.614402 0.582231 0.375583 0.415212 0.456872 0.558284 0.514357 0.451950 0.399741 0.542184 0.545012 0.632281 0.500094 0.498755 0.380221 0.356470 0.485909 0.460579 0.441525 0.506554
25 11 291 0 72 13 390 0.385476 0.644799 0.585443 0.515652 0.637254 0.694151 0.538082 0.446836 0.356732 0.560363 0.494010 0.533029 0.618060 0.420495 0.517864 0.529070 0.498338 0.385436 0.466844 0.463293 0.537552 0.593317 0.462432 0.543456 0.451847 0.633784 0.577874 0.510284 0.490751 0.458623 0.518372
26 11 285 0 72 13 390 0.460816 0.651161 0.479817 0.502941 0.669170 0.534509 0.508708 0.481824 0.422501 0.470125 0.560413 0.526889 0.561433 0.427611 0.510099 0.623933 0.487215 0.544629 0.398560 0.653651 0.523109 0.438361 0.412562 0.510440 0.510739 0.386352 0.675112 0.616540 0.492135 0.396940 0.514610
27 11 175 0 72 13 390 0.584118 0.499675 0.549429 0.501782 0.447899 0.585013 0.660245 0.439637 0.510530 0.475177 0.620940 0.501655 0.601746 0.595703 0.448660 0.570387 0.482196 0.627473 0.501554 0.580183 0.450423 0.454546 0.518217 0.690629 0.497917 0.409030 0.507871 0.466162 0.510668 0.508883 0.526612
28 11 166 0 72 13 390 0.490860 0.460444 0.422850 0.544436 0.514916 0.436693 0.565998 0.359091 0.557089 0.546436 0.577170 0.475745 0.535973 0.580249 0.660827 0.499064 0.354420 0.500459 0.518932 0.597902 0.599677 0.487682 0.505259 0.491192 0.550988 0.481103 0.533815 0.411126 0.493802 0.650364 0.513485
29 11 183 0 72 13 390 0.464575 0.543208 0.532629 0.591102 0.591314 0.593922 0.474358 0.459163 0.549991 0.561263 0.598959 0.353590 0.373984 0.528224 0.620466 0.685650 0.557667 0.486327 0.388744 0.528827 0.599036 0.488399 0.543539 0.612102 0.360657 0.572295 0.453197 0.473168 0.407915 0.506334 0.516687
30 11 168 0 72 13 390 0.513652 0.571165 0.416613 0.379483 0.598349 0.525578 0.438803 0.616491 0.407002 0.492073 0.442542 0.442920 0.327419 0.574983 0.611100 0.539404 0.412419 0.487985 0.466269 0.518357 0.530044 0.484241 0.441449 0.588754 0.426243 0.475429 0.496613 0.437755 0.514943 0.515568 0.489788
31 11 170 0 72 13 390 0.675821 0.453683 0.657995 0.534647 0.448184 0.513652 0.541457 0.557079 0.362638 0.522553 0.499344 0.612435 0.451313 0.573149 0.522701 0.467886 0.529499 0.525849 0.539442 0.550582 0.534877 0.586277 0.527547 0.612093 0.531796 0.457209 0.487792 0.516604 0.553674 0.384916 0.524423
32 11 171 0 72 13 390 0.453652 0.557868 0.418538 0.402824 0.508043 0.652242 0.506269 0.616807 0.583543 0.443379 0.581574 0.496336 0.575578 0.557609 0.464612 0.395987 0.645516 0.406116 0.648231 0.594223 0.551465 0.659942 0.648829 0.574968 0.471061 0.570596 0.333369 0.507453 0.490743 0.538217 0.528520
33 11 172 0 72 13 390 0.538097 0.517695 0.580808 0.630887 0.393100 0.436769 0.344743 0.603765 0.512684 0.617662 0.433077 0.371115 0.581292 0.614859 0.455484 0.480731 0.405746 0.634433 0.456042 0.498519 0.388178 0.605030 0.404178 0.490503 0.537639 0.556652 0.634258 0.483112 0.556409 0.411184 0.505822
34 11 173 0 72 13 390 0.482183 0.389004 0.497858 0.480691 0.637724 0.351160 0.472170 0.488337 0.637107 0.592464 0.389154 0.541426 0.509100 0.657898 0.469393 0.478469 0.423226 0.398857 0.589740 0.490729 0.535749 0.530697 0.520478 0.341335 0.569400 0.439591 0.400369 0.513362 0.374087 0.562933 0.492156
35 11 174 0 72 13 390 0.428735 0.431439 0.597900 0.462126 0.408648 0.610795 0.315061 0.593569 0.407587 0.401977 0.441606 0.418151 0.535332 0.345414 0.334479 0.570380 0.437966 0.460940 0.418066 0.364745 0.556255 0.505287 0.557358 0.495191 0.566738 0.502665 0.393404 0.500769 0.633919 0.358900 0.468514
36 11 169 0 72 13 390 0.568312 0.596842 0.504337 0.491425 0.646354 0.369757 0.495751 0.479247 0.541532 0.498044 0.615006 0.376676 0.380394 0.522980 0.372488 0.448328 0.528670 0.509917 0.461291 0.679269 0.506208 0.490518 0.522332 0.389075 0.545541 0.591480 0.532887 0.564048 0.550558 0.431156 0.507014
37 11 290 0 72 13 390 0.490064 0.435202 0.464665 0.490473 0.482426 0.387217 0.484773 0.536319 0.473044 0.410504 0.621507 0.373285 0.583990 0.386362 0.387893 0.555444 0.577287 0.511611 0.518113 0.512722 0.462394 0.398886 0.468190 0.536376 0.558659 0.597274 0.550617 0.649720 0.521206 0.467725 0.496465
38 11 179 0 72 13 390 0.516243 0.430457 0.534286 0.433939 0.393046 0.588779 0.471479 0.562190 0.515414 0.575813 0.588700 0.654875 0.579477 0.524176 0.530932 0.345829 0.624679 0.583196 0.446273 0.420139 0.545779 0.457222 0.464882 0.322101 0.597966 0.513736 0.479061 0.406536 0.528693 0.349523 0.499514
39 11 265 0 72 13 130 0.557483 0.431189 0.483266 0.465141 0.472059 0.550761 0.566384 0.514009 0.382441 0.364875 0.412218 0.525149 0.538499 0.447541 0.535547 0.497111 0.488052 0.447829 0.559984 0.395422 0.485454 0.450531 0.539622 0.497308 0.536815 0.360278 0.477823 0.520964 0.324799 0.455285 0.476128
40 11 185 0 72 13 390 0.429995 0.404780 0.442974 0.462018 0.324867 0.557737 0.418556 0.474404 0.546032 0.500052 0.584537 0.575485 0.375934 0.594839 0.358174 0.338721 0.620583 0.594970 0.515774 0.515262 0.547553 0.482799 0.395989 0.340848 0.461188 0.573928 0.525214 0.584078 0.619885 0.383967 0.485038
41 11 184 0 72 13 390 0.588460 0.439518 0.518643 0.504851 0.477936 0.457550 0.464806 0.463234 0.415977 0.502108 0.395510 0.502000 0.613246 0.467183 0.552319 0.579650 0.578357 0.437483 0.408238 0.425625 0.521652 0.561498 0.533990 0.419045 0.565196 0.498820 0.559842 0.561400 0.489506 0.622105 0.504192
42 11 188 0 72 13 390 0.513343 0.529190 0.526685 0.595787 0.527308 0.409894 0.373911 0.488087 0.455646 0.448236 0.367036 0.501473 0.457584 0.490140 0.367463 0.583964 0.378348 0.595789 0.592406 0.524503 0.501419 0.492398 0.511176 0.570947 0.608732 0.489681 0.576652 0.533108 0.460381 0.495065 0.498878
43 11 186 0 72 13 390 0.409858 0.370355 0.390995 0.610168 0.465756 0.548822 0.500912 0.417493 0.440782 0.487138 0.487493 0.504603 0.412693 0.472708 0.450438 0.480836 0.464528 0.520642 0.570147 0.532025 0.372615 0.386951 0.539595 0.450771 0.551335 0.534245 0.613440 0.599314 0.463306 0.517296 0.485575
44 11 167 0 72 13 390 0.406369 0.467289 0.649164 0.544689 0.477078 0.520009 0.629574 0.457374 0.473592 0.570899 0.577749 0.537548 0.583024 0.555439 0.541359 0.505350 0.531720 0.484045 0.470136 0.470317 0.420088 0.430902 0.635297 0.497235 0.434623 0.404906 0.378570 0.588440 0.389951 0.564612 0.506578
45 11 181 0 72 13 390 0.585150 0.603535 0.354953 0.464138 0.563269 0.402391 0.473602 0.413929 0.583843 0.564678 0.576402 0.415079 0.487120 0.481297 0.539093 0.437849 0.488510 0.450978 0.558165 0.489511 0.506922 0.457345 0.576266 0.493704 0.585148 0.471544 0.634965 0.664718 0.492183 0.450139 0.508881
46 11 180 0 72 13 390 0.474785 0.505570 0.648052 0.578968 0.573908 0.405223 0.441422 0.530573 0.599647 0.511223 0.390593 0.588966 0.590882 0.451013 0.562339 0.447727 0.612963 0.408572 0.487077 0.634525 0.433278 0.489974 0.467233 0.346191 0.365273 0.500402 0.437340 0.679072 0.473185 0.347487 0.499449
47 11 189 0 72 13 390 0.625610 0.586572 0.532659 0.570812 0.404919 0.451494 0.583299 0.544070 0.405373 0.546517 0.489442 0.320496 0.379612 0.443087 0.585096 0.510011 0.552280 0.505634 0.394313 0.451816 0.455216 0.361806 0.483265 0.571594 0.491230 0.394173 0.612889 0.520387 0.336261 0.503099 0.487101
48 11 187 0 72 13 390 0.439122 0.407173 0.485308 0.524457 0.438727 0.482552 0.536139 0.382759 0.654971 0.373582 0.505282 0.501471 0.669447 0.511141 0.476738 0.493935 0.529277 0.661053 0.442450 0.336047 0.569929 0.466085 0.553833 0.527549 0.564797 0.554449 0.463100 0.359555 0.509425 0.577855 0.499940
49 11 193 0 72 13 390 0.418352 0.567077 0.492795 0.543895 0.528358 0.577199 0.371050 0.566191 0.491349 0.453217 0.359199 0.426323 0.357901 0.626991 0.503101 0.670501 0.508800 0.442356 0.559513 0.423646 0.468991 0.567589 0.596385 0.462954 0.399790 0.471585 0.605973 0.556698 0.608190 0.475874 0.503395
50 11 191 0 72 13 390 0.654151 0.499239 0.499504 0.622185 0.503893 0.573872 0.552238 0.379462 0.521664 0.580783 0.509312 0.460303 0.380034 0.535299 0.456588 0.521702 0.484633 0.542460 0.467701 0.358210 0.598034 0.467943 0.687836 0.448204 0.660027 0.635443 0.377481 0.529709 0.470484 0.573856 0.518408
51 11 192 0 72 13 390 0.539853 0.638544 0.406875 0.522816 0.567731 0.352763 0.373339 0.566888 0.471191 0.475010 0.513934 0.522257 0.539766 0.636015 0.472514 0.562329 0.515375 0.505981 0.478445 0.532563 0.441311 0.395267 0.554583 0.499809 0.475952 0.512740 0.444714 0.444302 0.488949 0.682947 0.504492
52 11 177 0 72 13 390 0.451149 0.618258 0.498232 0.399050 0.591492 0.490167 0.609968 0.488703 0.383805 0.540483 0.588832 0.459897 0.466715 0.372077 0.508620 0.606761 0.590954 0.548160 0.623750 0.529753 0.571531 0.501759 0.398534 0.426801 0.405405 0.570500 0.345855 0.511113 0.471793 0.574672 0.504826
53 11 288 0 72 13 520 0.510611 0.523807 0.383050 0.457300 0.694308 0.550032 0.505207 0.564107 0.581118 0.376812 0.652993 0.530846 0.489731 0.540027 0.466016 0.601191 0.567414 0.530246 0.420653 0.648050 0.486036 0.615484 0.366581 0.399664 0.410640 0.414772 0.460664 0.547509 0.466379 0.631242 0.513083
54 11 190 0 72 13 390 0.608316 0.588981 0.441592 0.529133 0.510441 0.400068 0.455647 0.506812 0.500515 0.416150 0.631652 0.411065 0.534769 0.550503 0.522267 0.587761 0.513156 0.581758 0.347643 0.360307 0.530637 0.515994 0.532938 0.563460 0.482557 0.530057 0.499607 0.527295 0.452229 0.641110 0.509147
55 11 212 0 72 13 390 0.496559 0.575000 0.541253 0.454255 0.376406 0.369232 0.487533 0.496825 0.427757 0.522610 0.458135 0.549897 0.554178 0.594464 0.655615 0.402280 0.472172 0.512736 0.459779 0.493178 0.446280 0.440831 0.388005 0.452371 0.475305 0.524587 0.440931 0.596195 0.413031 0.461848 0.484642
56 11 195 0 72 13 260 0.516193 0.458168 0.562340 0.499653 0.502967 0.499752 0.457109 0.343059 0.633808 0.501092 0.648376 0.431193 0.468023 0.363586 0.498976 0.602980 0.533689 0.494028 0.507478 0.589428 0.485672 0.603028 0.552354 0.562554 0.471099 0.479015 0.514588 0.424790 0.510944 0.376698 0.503088
57 11 197 0 72 13 390 0.500853 0.562713 0.449592 0.670458 0.540100 0.397493 0.655353 0.477517 0.571905 0.464702 0.630114 0.559990 0.426193 0.501833 0.500016 0.360202 0.404704 0.463228 0.494678 0.491204 0.522520 0.503126 0.461979 0.524061 0.414018 0.672600 0.555589 0.454722 0.464042 0.582796 0.509277
58 11 196 0 72 13 260 0.506576 0.547354 0.454865 0.578591 0.471664 0.538459 0.659898 0.517507 0.572487 0.551763 0.542024 0.346171 0.494852 0.648674 0.568214 0.566183 0.516181 0.550708 0.517467 0.416795 0.527727 0.525583 0.587276 0.408729 0.540182 0.350256 0.635629 0.393764 0.338923 0.458415 0.511097
59 11 198 0 72 13 390 0.410066 0.542647 0.481191 0.565828 0.620261 0.599131 0.554628 0.370587 0.405103 0.428792 0.461257 0.535617 0.505162 0.458430 0.417706 0.616155 0.465488 0.468354 0.564941 0.550581 0.531076 0.543364 0.523382 0.424021 0.440433 0.511976 0.434124 0.653447 0.454302 0.452054 0.499670
60 11 231 0 72 13 390 0.428772 0.546374 0.459258 0.467046 0.627172 0.572064 0.447907 0.398742 0.539158 0.474286 0.660161 0.579460 0.639740 0.574977 0.452434 0.451692 0.548776 0.466460 0.488123 0.443232 0.495771 0.427143 0.507870 0.626801 0.544095 0.404794 0.524655 0.518194 0.439272 0.537478 0.509730
61 11 208 0 72 13 390 0.506308 0.529811 0.364802 0.481835 0.549629 0.389686 0.564579 0.320360 0.510338 0.624687 0.480423 0.627907 0.601369 0.495438 0.426319 0.646270 0.460292 0.531690 0.614180 0.384598 0.515421 0.507159 0.551169 0.628821 0.616684 0.418343 0.602941 0.418588 0.619818 0.684958 0.522481
62 11 209 0 72 13 390 0.478212 0.499075 0.628787 0.644959 0.623079 0.600700 0.327228 0.514089 0.392650 0.663115 0.450881 0.670470 0.508856 0.498779 0.629892 0.590843 0.493498 0.424197 0.394930 0.414016 0.491607 0.443461 0.422049 0.554843 0.570622 0.514050 0.560654 0.418489 0.592723 0.609244 0.520867
63 11 211 0 72 13 390 0.582353 0.503080 0.383301 0.537336 0.421583 0.406061 0.460898 0.440868 0.444440 0.437265 0.559645 0.639360 0.455421 0.551106 0.330247 0.533551 0.543225 0.370498 0.397252 0.456667 0.480093 0.500505 0.608400 0.546002 0.457728 0.396919 0.618088 0.453633 0.524415 0.432402 0.482411
64 11 215 0 72 13 390 0.403371 0.410702 0.557939 0.522402 0.482394 0.510102 0.494078 0.507650 0.536072 0.432185 0.440703 0.559926 0.599257 0.380930 0.489050 0.546056 0.379046 0.513274 0.370290 0.509768 0.501100 0.515111 0.409491 0.462017 0.504111 0.396432 0.428188 0.517385 0.385296 0.502086 0.475547
65 11 213 0 72 13 390 0.576288 0.490459 0.502667 0.491165 0.367963 0.492329 0.575715 0.551213 0.477977 0.578824 0.557397 0.516329 0.360193 0.466019 0.371420 0.678318 0.627658 0.374307 0.627213 0.350386 0.480857 0.564051 0.563129 0.658367 0.531686 0.483382 0.676095 0.474924 0.597871 0.613637 0.522595
66 11 214 0 72 13 390 0.473354 0.540684 0.535511 0.508021 0.533515 0.466798 0.419490 0.507596 0.505854 0.552449 0.433474 0.316669 0.342648 0.454496 0.538383 0.509096 0.506492 0.581125 0.440716 0.466411 0.448499 0.629239 0.551682 0.395014 0.576543 0.483137 0.563195 0.603566 0.335379 0.428400 0.488248
67 11 216 0 72 13 390 0.389843 0.351828 0.520620 0.545932 0.362403 0.555928 0.479391 0.436920 0.431839 0.595589 0.367198 0.500781 0.452122 0.578604 0.553444 0.459726 0.520650 0.538144 0.460166 0.455374 0.407055 0.535127 0.432979 0.455049 0.369833 0.635825 0.601904 0.615894 0.527024 0.484868 0.487402
68 11 230 0 72 13 390 0.499122 0.652917 0.631640 0.537850 0.569097 0.459683 0.482499 0.409258 0.473542 0.559833 0.494632 0.590215 0.455109 0.547049 0.575349 0.617412 0.512893 0.649235 0.511806 0.403573 0.439387 0.427542 0.531882 0.621121 0.589414 0.386007 0.551564 0.423444 0.446550 0.538426 0.519602
69 11 207 0 72 13 390 0.521769 0.599450 0.422691 0.561927 0.551489 0.512138 0.495835 0.597813 0.463209 0.641362 0.335024 0.629097 0.644920 0.396878 0.694149 0.495739 0.439311 0.522101 0.427910 0.617599 0.510702 0.565989 0.474508 0.506847 0.469531 0.444655 0.502580 0.499455 0.388818 0.661341 0.519828
70 11 277 0 72 13 520 0.493802 0.586768 0.617214 0.472210 0.481974 0.512922 0.433049 0.408045 0.444437 0.627755 0.516510 0.482774 0.410422 0.462448 0.474319 0.584540 0.499860 0.533773 0.541216 0.443479 0.580532 0.648238 0.530694 0.498110 0.416012 0.571930 0.416367 0.550418 0.497649 0.618464 0.511864
71 11 182 0 72 13 390 0.508613 0.530721 0.368546 0.352018 0.589256 0.633781 0.537081 0.562694 0.481635 0.587766 0.436069 0.546943 0.327043 0.501150 0.472789 0.525148 0.536722 0.524847 0.496612 0.497556 0.323000 0.510610 0.330791 0.505973 0.448254 0.657554 0.337033 0.577740 0.538515 0.575475 0.494065
72 11 210 0 72 13 390 0.615040 0.392527 0.387779 0.409141 0.423914 0.505363 0.578415 0.446239 0.478190 0.472755 0.480228 0.513453 0.672047 0.434419 0.541014 0.589679 0.533563 0.593499 0.561316 0.386487 0.474187 0.510834 0.367001 0.327496 0.417093 0.499972 0.486314 0.568661 0.513636 0.593402 0.492456
73 11 268 0 72 13 390 0.387344 0.505713 0.358345 0.430051 0.597284 0.605155 0.495039 0.361032 0.377122 0.622843 0.610250 0.513133 0.351304 0.624510 0.458615 0.644480 0.518239 0.559218 0.548398 0.478504 0.378454 0.414000 0.438700 0.584987 0.476444 0.609017 0.462906 0.560174 0.405811 0.669639 0.501557
74 11 217 0 72 13 390 0.551451 0.500159 0.654677 0.365542 0.486995 0.586395 0.465068 0.564060 0.639906 0.478147 0.565406 0.348683 0.447872 0.675646 0.498112 0.468715 0.631381 0.485870 0.539924 0.535239 0.382798 0.525327 0.572895 0.548503 0.381013 0.411075 0.548126 0.528863 0.555682 0.459167 0.513423
75 11 275 0 72 13 390 0.392326 0.320387 0.457039 0.469686 0.446906 0.402959 0.422439 0.489493 0.511265 0.480675 0.345836 0.468265 0.386285 0.520678 0.461104 0.475554 0.452800 0.476136 0.382316 0.611067 0.612917 0.658213 0.514951 0.416476 0.474524 0.405391 0.455211 0.498620 0.371143 0.486478 0.462238
76 11 263 0 72 13 390 0.483543 0.496821 0.378446 0.441901 0.440454 0.526803 0.519735 0.425075 0.392508 0.456117 0.636015 0.463026 0.525688 0.574805 0.462368 0.463643 0.578501 0.593984 0.654591 0.404355 0.460166 0.635056 0.426760 0.458539 0.646764 0.649980 0.452695 0.543784 0.498193 0.515800 0.506871
77 11 264 0 72 13 390 0.439262 0.473449 0.578837 0.477299 0.395452 0.513206 0.519385 0.509344 0.540429 0.510284 0.638684 0.492171 0.547256 0.487287 0.452665 0.543242 0.579656 0.572143 0.480918 0.499861 0.528731 0.439146 0.534752 0.549066 0.570101 0.376923 0.672725 0.495803 0.479065 0.501327 0.513282
78 11 234 0 72 13 390 0.620196 0.542954 0.508928 0.570608 0.469595 0.608568 0.507523 0.529866 0.382453 0.564045 0.534495 0.468525 0.531952 0.359529 0.663788 0.539369 0.478800 0.559339 0.647630 0.485571 0.329049 0.443872 0.502147 0.503796 0.516810 0.515660 0.488845 0.476892 0.565046 0.518581 0.514481
79 11 233 0 72 13 390 0.500093 0.466125 0.344328 0.391455 0.482423 0.644667 0.396362 0.631109 0.406461 0.457960 0.490858 0.428644 0.496556 0.495174 0.487225 0.544247 0.459727 0.454988 0.576772 0.395952 0.590156 0.532183 0.539286 0.414666 0.664112 0.439689 0.418137 0.413185 0.512351 0.642355 0.490575
80 11 274 0 72 13 520 0.436193 0.480011 0.421475 0.530407 0.485932 0.348326 0.524297 0.425642 0.519380 0.476371 0.546308 0.428307 0.559238 0.576300 0.370747 0.390223 0.598799 0.422298 0.461489 0.491322 0.444873 0.595171 0.505622 0.530084 0.520438 0.523661 0.518232 0.466835 0.588831 0.525040 0.490395
81 11 178 0 72 13 390 0.577931 0.546635 0.454258 0.524383 0.382342 0.403517 0.397103 0.456302 0.421011 0.543395 0.502177 0.482918 0.405021 0.475205 0.421903 0.529237 0.543394 0.531539 0.697165 0.511302 0.497918 0.405942 0.458639 0.489948 0.365490 0.469479 0.327689 0.404512 0.578416 0.646207 0.481699
82 11 283 0 72 13 390 0.501091 0.498991 0.541179 0.482347 0.586825 0.497727 0.381324 0.349688 0.561741 0.452863 0.448284 0.507669 0.416003 0.491274 0.556478 0.563155 0.510206 0.395168 0.395585 0.565870 0.581099 0.471315 0.580873 0.357696 0.550061 0.509496 0.671400 0.390517 0.583405 0.558960 0.498610
83 11 284 0 72 13 520 0.454327 0.692585 0.489680 0.466991 0.578914 0.487418 0.678014 0.566024 0.437680 0.576940 0.518434 0.467483 0.547883 0.528599 0.415233 0.405541 0.428567 0.428668 0.368910 0.467527 0.449956 0.507910 0.460911 0.546131 0.452140 0.446244 0.593423 0.665927 0.539825 0.387281 0.501839
84 11 289 0 72 13 520 0.645427 0.569062 0.619387 0.675483 0.596868 0.400752 0.596493 0.441330 0.548051 0.582861 0.561862 0.539061 0.497881 0.516136 0.446620 0.482038 0.490156 0.528799 0.602071 0.386299 0.503147 0.449191 0.628634 0.471830 0.636915 0.461812 0.314066 0.565578 0.553774 0.553284 0.528829
85 11 278 0 72 13 520 0.491510 0.536084 0.469286 0.371179 0.507008 0.432009 0.485395 0.430185 0.446571 0.582814 0.464379 0.516247 0.513697 0.497046 0.465829 0.540639 0.362231 0.389252 0.568513 0.491746 0.399694 0.593286 0.487891 0.307354 0.642056 0.427222 0.542163 0.402728 0.532667 0.412775 0.476982
86 11 281 0 72 13 390 0.626638 0.448059 0.533768 0.441531 0.472475 0.612273 0.415074 0.478066 0.456335 0.544936 0.436863 0.533984 0.546038 0.309322 0.495306 0.403034 0.434519 0.539996 0.327257 0.543948 0.579040 0.669217 0.483807 0.402830 0.375275 0.475059 0.553239 0.390522 0.458329 0.602425 0.486306
87 11 282 0 72 13 390 0.404739 0.565378 0.559475 0.403207 0.676235 0.406903 0.506198 0.326038 0.532673 0.487638 0.550985 0.527508 0.410045 0.481485 0.541650 0.594156 0.383277 0.389650 0.559272 0.518798 0.475279 0.645777 0.458620 0.405766 0.448854 0.382097 0.510981 0.521116 0.522821 0.567025 0.492121
88 11 276 0 72 13 390 0.542641 0.589688 0.534689 0.455345 0.503582 0.501914 0.557970 0.453764 0.366072 0.609629 0.639781 0.498975 0.394971 0.499916 0.519762 0.505740 0.657760 0.667606 0.627295 0.402755 0.594478 0.514179 0.470977 0.540737 0.562225 0.639636 0.564462 0.336540 0.373502 0.444827 0.519047
89 11 292 0 72 13 390 0.356446 0.369552 0.570166 0.501327 0.527622 0.500210 0.482303 0.545549 0.381205 0.507452 0.524740 0.448988 0.457457 0.502274 0.427498 0.576084 0.507416 0.476801 0.528955 0.584944 0.540264 0.372727 0.544739 0.553019 0.589173 0.368062 0.383048 0.486437 0.490446 0.523101 0.487600
90 11 267 0 72 13 390 0.457300 0.556248 0.555961 0.397752 0.547134 0.545468 0.414484 0.638692 0.504655 0.568239 0.550538 0.415573 0.400769 0.567674 0.446633 0.604675 0.564776 0.348461 0.575777 0.447507 0.371483 0.548296 0.515968 0.378521 0.490829 0.469735 0.499922 0.513857 0.471508 0.442861 0.493710
91 7 153 0 72 7.2 72 0.390733 0.515373 0.551078 0.435175 0.501773 0.359355 0.595283 0.439872 0.494271 0.475038 0.409575 0.625790 0.593224 0.510868 0.617029 0.555963 0.483165 0.460450 0.482484 0.550411 0.447311 0.378936 0.472698 0.500409 0.611430 0.419781 0.574888 0.661440 0.639389 0.374257 0.504248
92 6 226 0 72 7.2 72 0.492893 0.450282 0.588590 0.461815 0.510916 0.325249 0.426703 0.513197 0.455925 0.526269 0.492650 0.519266 0.498668 0.565126 0.425035 0.610756 0.561575 0.440036 0.322588 0.481116 0.436528 0.466475 0.586712 0.600883 0.637384 0.310815 0.534423 0.590093 0.552275 0.391192 0.492514
93 18 330 0 96 3.6 108 0.506055 0.438034 0.498399 0.369221 0.684403 0.548119 0.386268 0.620640 0.609352 0.503992 0.545299 0.472625 0.654882 0.382415 0.387442 0.403349 0.579988 0.377372 0.514058 0.486544 0.646497 0.437629 0.444497 0.458747 0.573767 0.545268 0.554495 0.459514 0.447501 0.377298 0.497122
94 11 229 0 72 2 60 0.427346 0.567316 0.517727 0.411503 0.414673 0.493092 0.480336 0.507319 0.646810 0.428883 0.457050 0.445604 0.397944 0.412291 0.541521 0.582148 0.544277 0.356801 0.585431 0.461937 0.385423 0.440917 0.468699 0.502710 0.539297 0.444268 0.672689 0.349865 0.479865 0.490200 0.481798
95 11 229 0 72 2 60 0.558036 0.441380 0.492259 0.574747 0.405752 0.330928 0.583509 0.662655 0.402261 0.581231 0.472566 0.528023 0.531402 0.517205 0.443895 0.577606 0.341761 0.371818 0.611681 0.488347 0.401505 0.612858 0.583160 0.462862 0.358444 0.492041 0.415927 0.515367 0.580563 0.477764 0.493918
96 11 226 0 72 1.6 16 0.348565 0.540805 0.417578 0.431062 0.422360 0.449627 0.603428 0.352649 0.525455 0.440224 0.453650 0.481547 0.510409 0.369845 0.449606 0.404780 0.426320 0.603939 0.505231 0.528129 0.574196 0.571889 0.670885 0.567914 0.469496 0.509111 0.496912 0.616419 0.500479 0.476268 0.490626
97 11 226 0 72 1.6 16 0.419939 0.459719 0.432369 0.608683 0.566895 0.368464 0.673971 0.505976 0.563425 0.694384 0.654375 0.389503 0.534317 0.446021 0.578768 0.618641 0.366878 0.683011 0.432487 0.589187 0.572686 0.468477 0.586588 0.588724 0.418693 0.519450 0.575488 0.544469 0.617045 0.347503 0.527538
98 12 266 0 72 3 30 0.545226 0.635229 0.513154 0.513047 0.422714 0.669024 0.602687 0.498439 0.457239 0.498078 0.384974 0.436418 0.432305 0.505362 0.307395 0.618955 0.426953 0.402172 0.549517 0.619393 0.588388 0.460895 0.341869 0.518145 0.618624 0.565647 0.589178 0.594423 0.643828 0.472879 0.514405
99 12 266 0 72 3 30 0.631837 0.477898 0.389903 0.455374 0.404480 0.412251 0.635933 0.570955 0.643902 0.532472 0.418052 0.649994 0.543427 0.624552 0.569460 0.433637 0.518661 0.418440 0.456671 0.542139 0.400935 0.552713 0.635993 0.635936 0.476997 0.678614 0.647224 0.350898 0.521649 0.620521 0.528384
100 6 159 0 72 4 40 0.649035 0.432935 0.513570 0.628831 0.406073 0.557268 0.437984 0.662455 0.415892 0.604217 0.384250 0.547413 0.530083 0.604775 0.489025 0.445661 0.441291 0.373645 0.443292 0.392966 0.310124 0.475713 0.553736 0.650282 0.603897 0.498612 0.474060 0.509427 0.390079 0.495855 0.497415
101 13 79 0 72 7.2 72 0.595712 0.532900 0.541800 0.414072 0.376790 0.588919 0.453599 0.459679 0.637815 0.377046 0.416655 0.473311 0.553572 0.509642 0.609722 0.386304 0.519785 0.524192 0.496517 0.349794 0.632143 0.414890 0.606087 0.412108 0.390003 0.428234 0.423283 0.544359 0.550879 0.553024 0.492428
102 10 79 0 72 7.2 72 0.445675 0.450073 0.437854 0.363015 0.514910 0.586811 0.410848 0.469901 0.484955 0.453506 0.535566 0.521163 0.426388 0.345375 0.416904 0.452790 0.380962 0.588203 0.457061 0.478318 0.497807 0.535328 0.385387 0.509029 0.421616 0.604289 0.471907 0.488844 0.445133 0.492885 0.469084
103 10 121 0 72 7.2 72 0.434534 0.446577 0.370222 0.559212 0.536897 0.382804 0.465841 0.508469 0.651590 0.518832 0.511024 0.587145 0.579470 0.483004 0.507234 0.596809 0.494900 0.602698 0.495195 0.379476 0.611808 0.548819 0.500421 0.610761 0.573651 0.539385 0.525707 0.398095 0.560627 0.417602 0.513294
104 13 79 0 72 7.2 72 0.664637 0.652811 0.576213 0.400473 0.484038 0.669380 0.486632 0.685220 0.527310 0.584799 0.443635 0.615527 0.617138 0.373219 0.476204 0.478293 0.461524 0.448647 0.491449 0.599388 0.569325 0.526347 0.504564 0.483214 0.482086 0.408885 0.518437 0.560968 0.630516 0.622503 0.534779
105 13 79 0 72 7.2 72 0.512956 0.389885 0.451286 0.507258 0.465860 0.481304 0.475053 0.497096 0.523130 0.354747 0.448436 0.407276 0.523061 0.543453 0.355701 0.606010 0.462848 0.437863 0.557382 0.620419 0.609239 0.340232 0.579132 0.455706 0.449759 0.498317 0.544098 0.388642 0.597589 0.403686 0.482914
106 13 79 0 72 7.2 72 0.654586 0.488279 0.581957 0.446811 0.482597 0.531609 0.422617 0.430043 0.581331 0.556040 0.561290 0.596923 0.580340 0.503078 0.412773 0.457765 0.501364 0.404173 0.590930 0.601748 0.348123 0.424182 0.584390 0.585799 0.441277 0.491091 0.619022 0.546282 0.448048 0.581175 0.515188
107 13 82 0 72 7.2 144 0.501028 0.529216 0.399548 0.349448 0.472619 0.519788 0.419192 0.598208 0.518205 0.467275 0.414373 0.608127 0.558285 0.542228 0.451015 0.475856 0.414160 0.515015 0.647023 0.593084 0.532043 0.539425 0.446720 0.480999 0.340052 0.567427 0.563640 0.326680 0.615865 0.532041 0.497953
108 17 90 0 72 7.2 144 0.521370 0.326021 0.442096 0.575127 0.456323 0.648638 0.530942 0.484132 0.473545 0.467023 0.441986 0.493225 0.539301 0.581446 0.478248 0.390471 0.502316 0.535648 0.588030 0.473027 0.532034 0.523150 0.454525 0.392997 0.371463 0.669486 0.530435 0.594735 0.444540 0.547972 0.500342
109 17 91 0 72 7.2 144 0.607209 0.454607 0.409519 0.563025 0.610417 0.575238 0.574259 0.521122 0.535204 0.540189 0.550677 0.533964 0.685771 0.444063 0.482990 0.476244 0.353156 0.547178 0.514969 0.423261 0.552095 0.433376 0.507051 0.568820 0.613525 0.537980 0.501468 0.588795 0.587089 0.600600 0.529795
110 17 92 0 72 7.2 144 0.420378 0.388364 0.401171 0.443848 0.576176 0.562281 0.421018 0.539928 0.463862 0.384522 0.468590 0.556950 0.456738 0.569797 0.462805 0.444377 0.453376 0.590900 0.494018 0.596615 0.517479 0.633247 0.375480 0.605947 0.500095 0.597043 0.474738 0.454494 0.365764 0.592015 0.493734
111 17 125 0 72 7.2 144 0.404829 0.426585 0.480929 0.514399 0.613569 0.491326 0.459093 0.549180 0.567016 0.497501 0.528194 0.418937 0.529003 0.319419 0.447926 0.561781 0.416140 0.562736 0.497904 0.562470 0.383924 0.524382 0.528766 0.479643 0.647333 0.475115 0.354937 0.426306 0.472766 0.333558 0.482522
112 17 126 0 72 7.2 144 0.460552 0.584494 0.423475 0.539189 0.527185 0.441088 0.543418 0.465976 0.401560 0.475169 0.518599 0.415592 0.581288 0.454454 0.452533 0.552442 0.520305 0.464398 0.605332 0.680968 0.465586 0.611178 0.469529 0.422777 0.635554 0.619108 0.479642 0.435179 0.552262 0.402452 0.506709
113 2 335 24 96 2.4 72 0.554144 0.518824 0.416270 0.471252 0.532797 0.354672 0.600620 0.443049 0.507072 0.362345 0.679370 0.535554 0.533523 0.339741 0.542456 0.482598 0.474414 0.509691 0.494812 0.410680 0.543844 0.528026 0.455207 0.535480 0.535679 0.446963 0.522379 0.404752 0.583605 0.391614 0.490381
114 18 329 24 120 3.6 108 0.550004 0.397050 0.395504 0.392201 0.426062 0.426412 0.445050 0.504684 0.427019 0.545971 0.453714 0.356147 0.499270 0.428901 0.626856 0.462629 0.314800 0.537922 0.613689 0.585190 0.537279 0.409232 0.384892 0.502355 0.551289 0.390018 0.443078 0.435988 0.669888 0.453889 0.472233
115 2 302 24 72 2.4 72 0.492723 0.389357 0.418221 0.356174 0.452464 0.574015 0.458166 0.555374 0.387177 0.560918 0.360590 0.591188 0.535892 0.416795 0.469122 0.487129 0.526059 0.601400 0.386233 0.578333 0.420953 0.479059 0.645089 0.447467 0.475662 0.590701 0.573477 0.532392 0.572535 0.395103 0.490992
116 18 302 24 120 3.6 108 0.544095 0.368496 0.632157 0.412923 0.482434 0.519058 0.574227 0.539599 0.420419 0.474299 0.469375 0.348014 0.541120 0.586347 0.653908 0.402237 0.620199 0.395053 0.481391 0.360645 0.444669 0.458553 0.546265 0.539483 0.563627 0.515967 0.513455 0.657948 0.537481 0.464512 0.502265
117 2 68 24 72 2.4 72 0.504675 0.545231 0.387289 0.535492 0.441018 0.466313 0.539077 0.475471 0.586522 0.512031 0.668748 0.366070 0.531097 0.412045 0.590035 0.591141 0.597791 0.377390 0.498323 0.438821 0.651129 0.363467 0.433479 0.531078 0.479617 0.437113 0.491644 0.573908 0.489335 0.592889 0.503608
118 4 93 24 96 1 10 0.489118 0.397450 0.499474 0.533476 0.390617 0.481623 0.511773 0.303685 0.385274 0.522057 0.525430 0.456102 0.501675 0.428639 0.537883 0.636979 0.470492 0.365894 0.433542 0.490675 0.512416 0.525589 0.494553 0.534390 0.549245 0.395508 0.561240 0.433191 0.465253 0.583341 0.480553
119 4 284 24 96 3 120 0.646659 0.452835 0.504446 0.545623 0.360517 0.414597 0.406000 0.549496 0.550751 0.392504 0.523558 0.422489 0.625283 0.477290 0.491216 0.567764 0.549478 0.392851 0.482092 0.623385 0.585971 0.518630 0.564987 0.489843 0.534702 0.640799 0.403783 0.499766 0.506168 0.362336 0.502861
120 4 294 24 96 3 30 0.628060 0.586445 0.496557 0.501674 0.620583 0.419064 0.516382 0.553165 0.401344 0.476047 0.521237 0.603127 0.500824 0.475422 0.659504 0.617981 0.562123 0.447945 0.646032 0.651413 0.490336 0.403294 0.481713 0.545084 0.558134 0.454638 0.545467 0.594438 0.548178 0.628174 0.537813
121 4 286 24 96 3 90 0.528555 0.426772 0.526603 0.452468 0.466203 0.538105 0.661359 0.532689 0.642260 0.500780 0.543619 0.460594 0.396085 0.467866 0.496035 0.514665 0.536821 0.482752 0.557977 0.587355 0.451242 0.589474 0.576163 0.504599 0.344964 0.407825 0.537582 0.426460 0.558631 0.413467 0.504332
122 4 288 24 96 3 120 0.451424 0.441580 0.586645 0.542671 0.453660 0.559599 0.350838 0.578025 0.390545 0.597252 0.555637 0.596016 0.556449 0.512654 0.437868 0.568640 0.573137 0.451694 0.536169 0.623311 0.476081 0.641146 0.656021 0.458153 0.510712 0.332206 0.441800 0.525773 0.567614 0.598066 0.519046
123 4 289 24 96 3 120 0.583375 0.615851 0.546281 0.532103 0.560031 0.509551 0.521874 0.566178 0.646551 0.453409 0.419139 0.540666 0.422303 0.417914 0.502789 0.473712 0.485150 0.511660 0.402006 0.517569 0.442833 0.462619 0.547603 0.411285 0.410889 0.460656 0.363784 0.626451 0.524639 0.535535 0.500480
124 4 281 24 96 3 90 0.498101 0.515106 0.469254 0.568556 0.459464 0.432654 0.421283 0.373852 0.501031 0.482413 0.507550 0.385765 0.433026 0.430646 0.462944 0.469894 0.432195 0.559332 0.506196 0.683583 0.581236 0.661150 0.326539 0.537258 0.488821 0.612591 0.524205 0.525904 0.642657 0.540639 0.501128
125 4 285 24 96 3 90 0.460234 0.617991 0.633660 0.475699 0.508216 0.450420 0.615779 0.580705 0.473195 0.574403 0.488798 0.359229 0.609792 0.424101 0.502799 0.635633 0.415722 0.640857 0.507745 0.324217 0.372372 0.537602 0.565414 0.596058 0.484219 0.391182 0.507699 0.545790 0.656387 0.565898 0.517394
126 4 282 24 96 3 90 0.531848 0.630574 0.557702 0.410907 0.491672 0.462903 0.383676 0.365890 0.571692 0.511975 0.515601 0.434951 0.443847 0.476189 0.528004 0.486124 0.336760 0.538333 0.507093 0.530630 0.525266 0.560275 0.517925 0.545309 0.376205 0.624131 0.392146 0.569430 0.455268 0.383189 0.488850
127 4 287 24 96 3 120 0.562967 0.487121 0.477789 0.535251 0.494728 0.506809 0.404453 0.476860 0.572716 0.509364 0.643526 0.407359 0.539324 0.617136 0.571943 0.552847 0.472773 0.636417 0.511008 0.511335 0.399292 0.320060 0.520368 0.507574 0.634872 0.456126 0.558098 0.612158 0.465856 0.481693 0.514927
128 4 116 24 96 3.3 99 0.531698 0.502526 0.413474 0.432902 0.585021 0.424684 0.420452 0.573401 0.591281 0.590963 0.626445 0.678670 0.492097 0.510193 0.452487 0.373410 0.388635 0.551835 0.497421 0.462690 0.401278 0.533981 0.389463 0.525533 0.610610 0.459446 0.489873 0.524807 0.456378 0.517609 0.500309
129 4 128 24 96 3.3 99 0.513571 0.470761 0.459081 0.485107 0.319661 0.440335 0.433124 0.555727 0.486788 0.586902 0.403656 0.553842 0.601161 0.492426 0.469409 0.456326 0.510616 0.418582 0.522603 0.587499 0.593685 0.405831 0.507879 0.445116 0.604642 0.378211 0.377666 0.338606 0.501441 0.349955 0.475674
130 4 136 24 96 3.3 99 0.517110 0.480030 0.518900 0.613422 0.510600 0.508892 0.689913 0.494341 0.565895 0.471072 0.433658 0.564987 0.553911 0.452578 0.492811 0.502093 0.478165 0.500434 0.535727 0.589721 0.575594 0.524281 0.415185 0.502848 0.488938 0.419715 0.635945 0.534934 0.649195 0.554651 0.525851
131 4 134 24 96 3.3 99 0.496673 0.469421 0.432308 0.497513 0.370915 0.471915 0.358521 0.428615 0.614082 0.470000 0.493840 0.490713 0.360951 0.660594 0.461015 0.546048 0.504321 0.583260 0.585064 0.445139 0.509076 0.417932 0.533549 0.470950 0.533467 0.585272 0.503361 0.473512 0.613857 0.503302 0.496173
132 4 133 24 96 3.3 99 0.468023 0.597129 0.497355 0.496389 0.522059 0.500368 0.405439 0.415102 0.378531 0.531116 0.430082 0.422280 0.470229 0.549615 0.397296 0.435749 0.577093 0.550402 0.496269 0.495717 0.429832 0.413577 0.584541 0.342376 0.358750 0.515281 0.413536 0.527847 0.355993 0.515018 0.469766
133 4 132 24 96 3.3 99 0.366880 0.443739 0.420013 0.642199 0.520971 0.513153 0.338595 0.550213 0.535500 0.450587 0.382824 0.489569 0.675960 0.596967 0.416813 0.583506 0.521302 0.571818 0.580151 0.420626 0.534991 0.445470 0.551457 0.465571 0.490467 0.519024 0.435592 0.475605 0.393197 0.427232 0.492000
134 4 131 24 96 3.3 99 0.594016 0.500874 0.483258 0.409384 0.387772 0.495114 0.524443 0.355883 0.568506 0.500667 0.396960 0.496416 0.402109 0.521893 0.582534 0.609212 0.565797 0.532484 0.504459 0.472134 0.358950 0.506055 0.435495 0.574238 0.570248 0.474639 0.518682 0.556165 0.561881 0.544233 0.500150
135 4 294 24 96 3.3 33 0.388416 0.403492 0.495375 0.436386 0.593813 0.450537 0.600709 0.480809 0.422970 0.547461 0.570207 0.516258 0.397089 0.323990 0.533758 0.541954 0.458972 0.470240 0.411276 0.533045 0.442445 0.592288 0.484079 0.471031 0.448475 0.540151 0.559992 0.481819 0.568482 0.496462 0.488733
136 4 135 24 96 3.3 99 0.472096 0.511302 0.442486 0.456628 0.465977 0.546506 0.554613 0.592296 0.534902 0.557962 0.489017 0.544903 0.413770 0.430983 0.479011 0.464545 0.510385 0.544323 0.546844 0.413398 0.646761 0.320573 0.385364 0.407825 0.622987 0.486628 0.371599 0.433198 0.380020 0.354958 0.479395
137 4 115 24 96 3.3 99 0.475346 0.664727 0.524265 0.504246 0.548107 0.520550 0.634101 0.580076 0.530363 0.487397 0.427030 0.534322 0.574751 0.451263 0.351853 0.521006 0.503188 0.436138 0.416442 0.353711 0.438349 0.304794 0.412230 0.684043 0.567236 0.468078 0.477796 0.518029 0.503581 0.554928 0.498932
138 4 114 24 96 3.3 99 0.374090 0.384931 0.450863 0.583300 0.617542 0.466876 0.645806 0.448730 0.522543 0.424748 0.625014 0.515589 0.444529 0.480474 0.392289 0.376098 0.453428 0.634894 0.574443 0.641151 0.600446 0.577737 0.515586 0.543588 0.647889 0.513060 0.564344 0.560708 0.644314 0.491593 0.523887
139 4 97 24 96 3.3 99 0.491983 0.518193 0.346777 0.396444 0.373514 0.528807 0.678456 0.539230 0.435626 0.458929 0.640298 0.503329 0.327890 0.584130 0.440928 0.386260 0.538432 0.580359 0.377989 0.625917 0.495255 0.468176 0.608051 0.446718 0.634957 0.540779 0.615113 0.499800 0.426386 0.554516 0.502108
140 4 96 24 96 3.3 99 0.599101 0.428617 0.427363 0.441335 0.525322 0.411712 0.392386 0.620094 0.538956 0.535908 0.524234 0.562667 0.508474 0.358147 0.496426 0.525797 0.498462 0.665779 0.609225 0.597538 0.498153 0.664667 0.618028 0.449738 0.433294 0.515971 0.365817 0.573278 0.495616 0.508327 0.513014
141 4 95 24 96 3.3 99 0.500496 0.477475 0.541593 0.418254 0.656648 0.544628 0.491848 0.542319 0.330751 0.429847 0.516917 0.461353 0.523995 0.444139 0.509961 0.437736 0.494185 0.524065 0.471096 0.499754 0.429779 0.545265 0.472583 0.592047 0.449567 0.419963 0.402426 0.515803 0.435223 0.389384 0.482303
142 4 130 24 96 3.3 99 0.446956 0.437348 0.485950 0.474559 0.408016 0.642832 0.409379 0.575314 0.418864 0.499920 0.681157 0.590233 0.503431 0.550484 0.568953 0.454928 0.512840 0.514061 0.478528 0.542658 0.369303 0.577957 0.495252 0.527921 0.489706 0.463623 0.469932 0.512458 0.626159 0.443587 0.505744
143 4 94 24 96 3.3 99 0.339835 0.398483 0.596993 0.645680 0.426161 0.515803 0.532460 0.418166 0.567428 0.468549 0.538307 0.497483 0.554818 0.606035 0.474601 0.451400 0.528352 0.407647 0.415784 0.575973 0.464290 0.528250 0.514881 0.590055 0.375548 0.413842 0.435120 0.459218 0.452671 0.446280 0.488004
144 4 129 24 96 3.3 99 0.531393 0.447309 0.488658 0.595236 0.470450 0.518213 0.647484 0.481987 0.421288 0.342989 0.552426 0.535567 0.630971 0.545261 0.380032 0.415554 0.390779 0.371438 0.601487 0.509933 0.345926 0.478216 0.562886 0.381609 0.444901 0.411454 0.533827 0.604280 0.457320 0.440683 0.484652
145 4 93 24 96 1.5 15 0.450778 0.527137 0.402480 0.586340 0.347809 0.535939 0.594309 0.461295 0.495173 0.655262 0.508289 0.447625 0.488647 0.650638 0.544468 0.419008 0.520575 0.528197 0.529319 0.513235 0.504748 0.530183 0.457394 0.466654 0.508098 0.575006 0.488013 0.471063 0.444169 0.455839 0.503590
146 4 141 24 96 1.5 45 0.302718 0.578470 0.589708 0.465864 0.493742 0.325795 0.621051 0.634859 0.495360 0.327030 0.485566 0.453081 0.436005 0.324030 0.472892 0.481491 0.512502 0.477708 0.414287 0.554981 0.476573 0.473979 0.445046 0.483791 0.438438 0.562752 0.615126 0.575927 0.541164 0.450911 0.483695
147 4 142 24 96 1.5 45 0.556592 0.576326 0.481748 0.591734 0.420800 0.452209 0.529564 0.525124 0.447549 0.526277 0.422569 0.339391 0.363012 0.507121 0.421963 0.390454 0.446750 0.549055 0.552245 0.436473 0.409794 0.498712 0.465388 0.457880 0.573339 0.687236 0.492600 0.570826 0.462542 0.588124 0.491447
148 4 144 24 96 1.5 45 0.637803 0.366956 0.566031 0.375570 0.493937 0.423998 0.587408 0.579087 0.582783 0.398777 0.563808 0.441128 0.564715 0.488247 0.555119 0.351777 0.492007 0.564647 0.504273 0.662175 0.494489 0.540361 0.458015 0.460764 0.527759 0.358094 0.629245 0.504230 0.442355 0.529946 0.504850
149 4 147 24 96 1.5 45 0.426087 0.605140 0.595562 0.431996 0.395049 0.528631 0.461124 0.415710 0.448620 0.397836 0.570121 0.326728 0.357961 0.568387 0.494991 0.520270 0.472371 0.384607 0.412320 0.385511 0.525333 0.625622 0.684439 0.526825 0.369152 0.531376 0.545424 0.570838 0.400330 0.436433 0.480493
150 4 148 24 96 1.5 45 0.661712 0.569942 0.560486 0.575268 0.487343 0.424247 0.542329 0.469273 0.403820 0.609961 0.497039 0.487083 0.453549 0.544318 0.423216 0.422189 0.466773 0.553686 0.448411 0.583845 0.617283 0.511219 0.374230 0.411364 0.453798 0.445148 0.471374 0.307589 0.529830 0.474136 0.492682
151 4 149 24 96 1.5 45 0.421831 0.338699 0.592978 0.566139 0.438213 0.550602 0.534661 0.507949 0.476066 0.504873 0.499509 0.510573 0.524054 0.460649 0.530508 0.394006 0.504695 0.373037 0.585176 0.401892 0.599399 0.427147 0.497052 0.388884 0.514746 0.585562 0.534572 0.505233 0.545420 0.443091 0.491907
152 4 150 24 96 1.5 45 0.471197 0.522451 0.375299 0.625280 0.429225 0.498274 0.606093 0.379978 0.573832 0.369685 0.511962 0.629711 0.482418 0.471830 0.547274 0.581221 0.445826 0.357029 0.375040 0.455924 0.633429 0.643848 0.388145 0.551722 0.506436 0.423113 0.505309 0.441071 0.526870 0.419632 0.491637
153 4 137 24 96 1.5 45 0.558351 0.482249 0.391876 0.529970 0.469225 0.491566 0.536352 0.603180 0.415519 0.420132 0.479233 0.464320 0.412491 0.688806 0.488258 0.467887 0.458784 0.673866 0.461159 0.472446 0.562649 0.485599 0.551910 0.523006 0.513055 0.430821 0.563094 0.623135 0.442573 0.644612 0.510204
154 4 111 24 96 1.5 45 0.489209 0.478234 0.552031 0.663075 0.520170 0.503553 0.677043 0.455394 0.455006 0.433233 0.592565 0.341667 0.580648 0.542449 0.448582 0.511037 0.511601 0.623018 0.411253 0.354945 0.468679 0.405227 0.471367 0.517168 0.436527 0.577061 0.385746 0.478840 0.618948 0.554196 0.501949
155 4 140 24 96 1.5 45 0.551294 0.571285 0.417610 0.581917 0.542417 0.515877 0.614049 0.520051 0.455021 0.553246 0.515888 0.379235 0.366887 0.564620 0.466836 0.579051 0.482542 0.597172 0.597936 0.434675 0.533334 0.521630 0.330245 0.566559 0.474926 0.456150 0.357398 0.508152 0.409391 0.500481 0.498862
156 4 143 24 96 1.5 45 0.432905 0.363573 0.553461 0.477287 0.488810 0.520029 0.500948 0.433292 0.452258 0.477611 0.402835 0.381263 0.514839 0.362808 0.478705 0.382500 0.500365 0.565486 0.402127 0.403873 0.512233 0.497557 0.533206 0.425252 0.524728 0.554581 0.440356 0.375707 0.566365 0.460851 0.466194
157 4 146 24 96 1.5 45 0.622097 0.384662 0.537950 0.484074 0.466927 0.460184 0.519751 0.344006 0.456159 0.668570 0.524779 0.671942 0.488087 0.408007 0.359918 0.579392 0.426392 0.472933 0.560783 0.591470 0.394814 0.366053 0.636088 0.623439 0.597531 0.580045 0.333146 0.543487 0.394352 0.489750 0.499560
158 4 117 24 96 1.5 45 0.342660 0.429309 0.507751 0.427688 0.504709 0.443849 0.496576 0.553010 0.406338 0.544760 0.338355 0.517354 0.535934 0.358979 0.416729 0.450735 0.570135 0.525178 0.365168 0.533809 0.325821 0.476328 0.447326 0.591219 0.535100 0.595801 0.339067 0.597009 0.532527 0.435991 0.471507
159 4 105 24 96 1.5 45 0.474517 0.656744 0.389265 0.458860 0.596762 0.506415 0.422120 0.500130 0.491413 0.623241 0.341462 0.440682 0.505972 0.463357 0.477403 0.412073 0.466560 0.467789 0.526848 0.437464 0.658281 0.500250 0.577327 0.526978 0.601482 0.606363 0.578298 0.348552 0.511308 0.449718 0.500588
160 4 102 24 96 1.5 60 0.410166 0.609303 0.534333 0.383807 0.474862 0.643861 0.523920 0.526916 0.434886 0.438668 0.410544 0.651451 0.615023 0.462305 0.508633 0.428610 0.405291 0.508449 0.573542 0.595153 0.457226 0.546413 0.504819 0.404020 0.681422 0.655979 0.407760 0.626804 0.618569 0.459373 0.516737
161 4 103 24 96 1.5 45 0.511817 0.635876 0.397319 0.459398 0.601873 0.552238 0.563014 0.602074 0.481998 0.481384 0.488256 0.627209 0.607970 0.626925 0.447999 0.567066 0.392421 0.421572 0.562144 0.523814 0.446113 0.513891 0.435915 0.436289 0.541855 0.469531 0.542048 0.495264 0.500465 0.522171 0.515197
162 4 104 24 96 1.5 45 0.548216 0.472965 0.591236 0.498282 0.404886 0.424341 0.350778 0.562752 0.334657 0.446931 0.481779 0.556436 0.669332 0.560796 0.372739 0.623634 0.666091 0.596900 0.497978 0.461219 0.491321 0.440509 0.479970 0.357846 0.554489 0.474442 0.458214 0.523706 0.556464 0.519735 0.499288
163 4 100 24 96 1.5 30 0.505111 0.600314 0.569438 0.504173 0.490076 0.582360 0.358252 0.681749 0.503776 0.477901 0.554445 0.511894 0.503252 0.528104 0.362798 0.452625 0.478447 0.456091 0.582568 0.492114 0.483840 0.524076 0.366059 0.503423 0.406673 0.583344 0.490094 0.551043 0.395151 0.566953 0.502205
164 4 101 24 96 1.5 60 0.629483 0.544081 0.404041 0.481892 0.489923 0.419626 0.518962 0.548378 0.427101 0.490721 0.441445 0.542957 0.613820 0.572403 0.549900 0.399416 0.395568 0.489610 0.470398 0.504822 0.475291 0.570715 0.502347 0.636599 0.474053 0.474495 0.563841 0.616216 0.513558 0.534962 0.509887
165 4 118 24 96 1.5 45 0.409577 0.597557 0.419622 0.548223 0.483212 0.457358 0.563950 0.488946 0.527131 0.396976 0.402595 0.427390 0.526232 0.442299 0.491550 0.592449 0.508898 0.321449 0.603130 0.437950 0.518641 0.495082 0.481141 0.379702 0.521137 0.439918 0.509704 0.525590 0.511861 0.581764 0.487034
166 4 145 24 96 1.5 45 0.362558 0.408906 0.533453 0.354200 0.591863 0.536782 0.586163 0.454516 0.620193 0.362630 0.482638 0.419415 0.538035 0.523612 0.542905 0.519993 0.569557 0.419137 0.490859 0.516472 0.625962 0.386314 0.454737 0.471714 0.474112 0.373575 0.484894 0.510363 0.453058 0.403748 0.482412
167 4 119 24 96 1.5 45 0.543698 0.448167 0.505486 0.504992 0.544008 0.523830 0.393510 0.552957 0.527716 0.667987 0.496705 0.542178 0.627277 0.666868 0.451575 0.523103 0.459120 0.505144 0.680049 0.468251 0.401868 0.512946 0.503981 0.528386 0.498495 0.419969 0.523230 0.547314 0.659264 0.311246 0.517977
168 4 139 24 96 1.5 45 0.343806 0.526901 0.397129 0.589753 0.573371 0.690998 0.481998 0.463412 0.512472 0.529707 0.330063 0.426866 0.450100 0.570446 0.456913 0.501342 0.460978 0.322147 0.541466 0.465254 0.551513 0.524727 0.348264 0.418534 0.462607 0.464423 0.538129 0.618104 0.572644 0.531632 0.488857
169 4 100 24 96 1.5 45 0.496264 0.527304 0.607074 0.507535 0.463734 0.568543 0.481979 0.556497 0.585146 0.454750 0.551666 0.458872 0.507311 0.429077 0.541379 0.573362 0.605355 0.468189 0.650695 0.449789 0.349938 0.663799 0.527144 0.587717 0.514739 0.476537 0.520043 0.595921 0.559015 0.546446 0.527527
170 4 138 24 96 1.5 45 0.458619 0.350302 0.481960 0.499410 0.437882 0.490138 0.637216 0.431496 0.455517 0.394755 0.568834 0.566670 0.616743 0.488420 0.344663 0.496502 0.500011 0.423357 0.621840 0.553696 0.504783 0.565995 0.407068 0.598728 0.580715 0.629586 0.539181 0.403041 0.551560 0.491702 0.503013
171 4 106 24 96 1.5 45 0.548653 0.504520 0.318133 0.626427 0.541773 0.519842 0.383463 0.493262 0.360755 0.504159 0.534830 0.458109 0.516165 0.458024 0.607107 0.460220 0.424111 0.448768 0.459787 0.487854 0.397016 0.409296 0.447956 0.334936 0.526321 0.502832 0.428554 0.467408 0.459621 0.406417 0.467877
172 4 292 24 96 3 90 0.546209 0.450537 0.439950 0.375495 0.524105 0.464618 0.488393 0.402009 0.494059 0.538878 0.392055 0.365605 0.484709 0.419661 0.520249 0.519502 0.585518 0.544917 0.524801 0.458099 0.579150 0.548448 0.537734 0.506813 0.654115 0.560212 0.493017 0.402682 0.577640 0.619845 0.500634
173 4 266 24 96 3 30 0.493551 0.490910 0.541123 0.547741 0.492955 0.436145 0.433804 0.594585 0.524944 0.616507 0.477105 0.544981 0.536337 0.570009 0.603007 0.490428 0.349205 0.495004 0.467676 0.492092 0.416894 0.563748 0.522110 0.400953 0.390745 0.579187 0.572488 0.461461 0.532537 0.571138 0.506979
174 4 283 24 96 3 90 0.506660 0.479068 0.481866 0.525845 0.509831 0.654298 0.475229 0.465097 0.577989 0.519107 0.568642 0.486623 0.569563 0.509113 0.437449 0.535711 0.378940 0.625630 0.515433 0.497308 0.519371 0.492439 0.511339 0.580676 0.418718 0.640592 0.374623 0.393271 0.578038 0.564750 0.513107
175 4 290 24 96 3 90 0.474106 0.498856 0.535116 0.385104 0.579015 0.605031 0.612025 0.529385 0.303840 0.408342 0.409258 0.506352 0.476631 0.516246 0.425113 0.540380 0.459147 0.514587 0.616671 0.456090 0.632670 0.486489 0.662669 0.465955 0.384516 0.325486 0.667041 0.479822 0.401017 0.453410 0.493679
176 4 291 24 96 3 90 0.471866 0.510028 0.365193 0.545949 0.580251 0.469527 0.594643 0.596339 0.437183 0.545655 0.477599 0.459531 0.474995 0.474715 0.509237 0.535680 0.494909 0.422712 0.475407 0.622273 0.586850 0.411092 0.685734 0.537536 0.403645 0.375761 0.335449 0.550692 0.497322 0.486919 0.497823
177 19 325 24 72 12.8 384 0.672025 0.382299 0.530824 0.482396 0.491003 0.570055 0.522108 0.484544 0.419932 0.501892 0.510696 0.489746 0.468596 0.421915 0.522140 0.516248 0.589295 0.437623 0.500346 0.481293 0.509457 0.471341 0.658271 0.514129 0.546347 0.395148 0.496272 0.542646 0.406616 0.553383 0.502953
178 19 320 24 216 12.8 384 0.663755 0.663854 0.566995 0.492860 0.379112 0.606156 0.384117 0.494412 0.556246 0.643723 0.379035 0.528813 0.572909 0.458114 0.364976 0.465782 0.566892 0.493674 0.502549 0.493749 0.554072 0.483525 0.643844 0.572948 0.452107 0.353161 0.621445 0.558416 0.552209 0.513175 0.519421
179 2 297 24 96 7.2 72 0.370096 0.494558 0.416303 0.364262 0.672236 0.576354 0.526637 0.451477 0.381245 0.501122 0.590984 0.449090 0.402971 0.449926 0.593364 0.333708 0.394467 0.418191 0.519284 0.409958 0.489030 0.576013 0.444569 0.545281 0.496961 0.573310 0.594934 0.465614 0.382171 0.407729 0.476395
180 5 294 24 96 7.2 72 0.627304 0.411050 0.499188 0.677347 0.564462 0.437970 0.487656 0.529724 0.429879 0.554222 0.466151 0.530828 0.560138 0.396330 0.415793 0.478605 0.455272 0.557494 0.559267 0.506614 0.474310 0.546535 0.494852 0.407759 0.598129 0.330807 0.623697 0.489488 0.539624 0.644692 0.509840
181 5 113 24 96 7.2 72 0.540721 0.357284 0.618864 0.529688 0.640794 0.485857 0.619027 0.593550 0.463699 0.446175 0.388669 0.533709 0.476896 0.565286 0.558322 0.554209 0.518611 0.424876 0.464294 0.542591 0.419972 0.509761 0.538210 0.583962 0.330934 0.388408 0.391173 0.488879 0.432489 0.450545 0.495249
182 9 273 24 96 6.4 64 0.424283 0.343544 0.385763 0.629860 0.534255 0.585269 0.637064 0.529843 0.547180 0.397970 0.592833 0.401944 0.534204 0.610511 0.513682 0.648748 0.608787 0.543962 0.442362 0.493278 0.628548 0.530007 0.621359 0.448697 0.484821 0.612087 0.564318 0.460849 0.413830 0.376940 0.518227
183 9 159 24 96 6.4 64 0.566465 0.474997 0.463133 0.369316 0.640405 0.445510 0.487739 0.498337 0.624415 0.523433 0.419480 0.498405 0.407284 0.563973 0.432178 0.531083 0.616386 0.549109 0.390901 0.376378 0.514818 0.441590 0.488867 0.609011 0.409125 0.530373 0.626730 0.536197 0.445996 0.545095 0.500891
184 9 273 24 96 6.4 64 0.612647 0.515531 0.503101 0.630667 0.498127 0.486774 0.588304 0.567618 0.568968 0.508194 0.316266 0.639440 0.579327 0.496381 0.513934 0.627912 0.469450 0.540460 0.479023 0.528483 0.642606 0.385167 0.507049 0.644090 0.380228 0.491758 0.563328 0.532141 0.418867 0.356094 0.519731
185 9 273 24 96 6.4 64 0.475309 0.423613 0.544021 0.608988 0.528097 0.469531 0.382395 0.528604 0.554487 0.405808 0.424288 0.550264 0.519544 0.497835 0.370989 0.508282 0.456903 0.506907 0.584848 0.489591 0.681743 0.354437 0.366965 0.569701 0.358525 0.397237 0.575776 0.536860 0.491493 0.539520 0.490085
186 8 273 24 96 7.2 72 0.599703 0.409162 0.516554 0.622445 0.354316 0.406429 0.533586 0.494159 0.619016 0.360532 0.545416 0.402191 0.417388 0.363219 0.456802 0.571531 0.491036 0.416855 0.519123 0.579269 0.392231 0.499428 0.573248 0.432838 0.574925 0.484654 0.577206 0.662256 0.539600 0.461055 0.495872
187 8 273 24 96 6.4 64 0.656048 0.515819 0.404816 0.585607 0.571346 0.562662 0.519575 0.463830 0.398283 0.406296 0.482243 0.544127 0.510983 0.487331 0.622890 0.357061 0.389428 0.589498 0.523919 0.566632 0.335361 0.497376 0.322538 0.419804 0.384447 0.533088 0.604885 0.482477 0.575875 0.565111 0.495979
188 8 273 24 96 5 50 0.543120 0.428424 0.530253 0.504672 0.481556 0.629624 0.523487 0.354861 0.420000 0.499978 0.636943 0.527302 0.568116 0.466818 0.319121 0.437299 0.396957 0.506134 0.387491 0.470153 0.561762 0.508109 0.432447 0.564451 0.534913 0.448708 0.424489 0.572442 0.541316 0.649859 0.495694
189 8 273 24 96 4 40 0.494815 0.418768 0.537554 0.358730 0.531444 0.451014 0.486477 0.463535 0.575149 0.560977 0.358868 0.555894 0.622469 0.418621 0.569001 0.496990 0.396360 0.608383 0.550709 0.519491 0.461486 0.426096 0.539215 0.461415 0.567026 0.461526 0.388573 0.555155 0.597975 0.473328 0.496901
190 8 159 24 96 6.4 64 0.432865 0.494111 0.496857 0.606400 0.407681 0.624046 0.490786 0.476030 0.404462 0.550286 0.528424 0.655779 0.427188 0.400881 0.543082 0.369081 0.404499 0.591060 0.491537 0.417030 0.465789 0.604673 0.521929 0.570245 0.529823 0.523711 0.416597 0.651121 0.592298 0.383174 0.502382
191 7 159 24 96 7.2 72 0.593032 0.497831 0.681376 0.519242 0.585803 0.449445 0.553035 0.554722 0.440472 0.461814 0.516581 0.606972 0.519284 0.409168 0.515327 0.320155 0.660184 0.356610 0.494042 0.563943 0.351862 0.506324 0.495810 0.572884 0.580431 0.490251 0.438712 0.512061 0.331525 0.553518 0.504414
192 6 159 24 96 7.2 72 0.636713 0.403039 0.453829 0.532105 0.385196 0.495915 0.456163 0.545936 0.593387 0.557813 0.344194 0.490754 0.564896 0.599680 0.480080 0.570342 0.472144 0.492727 0.528746 0.594315 0.375206 0.607668 0.463195 0.351158 0.484587 0.446912 0.634331 0.508675 0.571775 0.569675 0.507038
193 19 330 24 216 6.4 192 0.380478 0.602367 0.554607 0.366219 0.633862 0.538669 0.605333 0.394220 0.471018 0.525445 0.471014 0.418412 0.512126 0.373215 0.547511 0.427973 0.661272 0.438169 0.395313 0.495651 0.630228 0.516723 0.642801 0.429551 0.557176 0.434294 0.467979 0.446249 0.540057 0.448901 0.497561
194 19 330 24 216 6.4 192 0.371201 0.466187 0.497226 0.505410 0.399080 0.547639 0.539578 0.506683 0.452909 0.525862 0.573478 0.633888 0.576322 0.631226 0.372458 0.607007 0.491389 0.380085 0.609643 0.451888 0.641095 0.393537 0.448578 0.544329 0.499264 0.599997 0.504181 0.527321 0.453146 0.650664 0.513376
195 6 226 24 192 1 10 0.508466 0.402773 0.466541 0.488438 0.531402 0.452713 0.370965 0.598726 0.436331 0.635161 0.531399 0.481481 0.465600 0.531727 0.461569 0.519635 0.544273 0.587539 0.488734 0.455970 0.402744 0.570184 0.417213 0.444224 0.496823 0.651605 0.564280 0.361527 0.468076 0.490982 0.494237
196 6 159 24 192 2 20 0.415365 0.622093 0.548161 0.451062 0.653702 0.586627 0.543248 0.536625 0.410810 0.437958 0.357377 0.459154 0.400588 0.444335 0.421490 0.512914 0.352679 0.459234 0.465855 0.472723 0.508139 0.414052 0.455322 0.620217 0.479903 0.499883 0.407846 0.491424 0.460054 0.318535 0.473579
197 14 265 24 96 7.2 72 0.555361 0.655819 0.462796 0.546495 0.494712 0.452270 0.633073 0.660696 0.515333 0.408474 0.513502 0.613689 0.488065 0.542303 0.553478 0.610635 0.405612 0.510466 0.456992 0.479250 0.587173 0.488886 0.386014 0.366353 0.530604 0.517447 0.433310 0.628259 0.449111 0.342472 0.509622
198 15 111 24 96 7.2 216 0.507836 0.488777 0.537903 0.383607 0.502372 0.424724 0.459438 0.522254 0.632711 0.614418 0.469956 0.408792 0.591853 0.471960 0.472703 0.450904 0.467656 0.657596 0.599721 0.383713 0.552448 0.488514 0.675664 0.574680 0.451956 0.575316 0.651306 0.484137 0.608974 0.405667 0.517252
199 13 265 24 96 7.2 72 0.518271 0.382983 0.428929 0.494856 0.597054 0.667305 0.372727 0.643499 0.560319 0.384118 0.480989 0.617252 0.482102 0.511493 0.547749 0.560070 0.404662 0.421986 0.474761 0.511080 0.358126 0.582101 0.584964 0.455927 0.512230 0.492552 0.346338 0.313990 0.444963 0.640688 0.493136
200 20 64 24 96 7.2 216 0.584846 0.494431 0.533582 0.607344 0.482682 0.498371 0.541973 0.439929 0.397716 0.448921 0.678708 0.373062 0.557330 0.516930 0.513576 0.597373 0.527488 0.495149 0.543602 0.397809 0.502521 0.515666 0.588745 0.414139 0.368417 0.459920 0.601336 0.404114 0.414301 0.447694 0.498256
201 2 325 48 96 2.4 72 0.483197 0.616145 0.468756 0.452278 0.506013 0.628623 0.502793 0.563308 0.421078 0.386952 0.559324 0.508942 0.598982 0.582296 0.541247 0.455196 0.541367 0.542100 0.387560 0.516707 0.581110 0.332122 0.503668 0.472746 0.496957 0.465000 0.615519 0.390518 0.411195 0.433000 0.498823
202 2 296 48 96 2.4 72 0.422774 0.609251 0.524143 0.583868 0.505198 0.506526 0.510498 0.560374 0.395485 0.491936 0.378179 0.579616 0.621723 0.495861 0.457879 0.470310 0.579017 0.606075 0.520590 0.562476 0.465419 0.547657 0.347966 0.578205 0.433374 0.592973 0.406718 0.434633 0.400138 0.402066 0.499698
203 3 300 48 144 1 30 0.379299 0.542728 0.568556 0.378860 0.565744 0.560668 0.358321 0.392873 0.571331 0.502714 0.368857 0.397539 0.442271 0.372800 0.536926 0.559872 0.568052 0.620049 0.428188 0.611084 0.421583 0.467698 0.385219 0.588955 0.631791 0.635995 0.466814 0.413334 0.500127 0.552638 0.493030
204 13 107 48 168 4 120 0.439089 0.514578 0.389042 0.516290 0.333448 0.431757 0.423789 0.450162 0.611303 0.507569 0.654026 0.388853 0.430848 0.500841 0.547096 0.471222 0.518756 0.487545 0.641861 0.420283 0.468481 0.474268 0.430927 0.434923 0.395014 0.664915 0.399445 0.393943 0.404274 0.562094 0.476888
205 19 321 48 96 15.4 462 0.546307 0.511773 0.356997 0.462016 0.396218 0.450628 0.521202 0.457989 0.656346 0.488458 0.511091 0.452470 0.592433 0.422893 0.374624 0.587238 0.495075 0.539783 0.419766 0.689894 0.498323 0.391726 0.487202 0.534724 0.382465 0.407095 0.479025 0.519015 0.390210 0.622690 0.488189
206 19 322 48 96 15.4 462 0.657908 0.371950 0.655465 0.464592 0.519991 0.672667 0.399101 0.586196 0.551730 0.449270 0.548605 0.517116 0.447776 0.570229 0.531200 0.478938 0.495105 0.521824 0.479876 0.496882 0.449370 0.563765 0.392967 0.441616 0.499454 0.527575 0.403772 0.389265 0.365025 0.373880 0.494104
207 19 325 48 96 15.4 462 0.539528 0.652733 0.474959 0.539801 0.410539 0.526096 0.387788 0.378239 0.559035 0.563639 0.571231 0.427101 0.535584 0.498040 0.444683 0.465799 0.594046 0.509552 0.638408 0.350278 0.485560 0.617508 0.475187 0.458634 0.473513 0.491762 0.351272 0.511674 0.594306 0.455703 0.499407
208 19 322 48 96 3 90 0.546653 0.498289 0.403726 0.549195 0.497475 0.393544 0.538761 0.535095 0.541349 0.515005 0.495123 0.592056 0.501342 0.476949 0.498935 0.651726 0.524943 0.467991 0.657841 0.460121 0.347453 0.360079 0.585784 0.467063 0.556350 0.346390 0.606766 0.465229 0.388250 0.466167 0.497855
209 3 311 48 144 0.9 27 0.469084 0.467635 0.535377 0.440745 0.532210 0.519452 0.615331 0.372388 0.456183 0.464340 0.339711 0.461522 0.492023 0.595451 0.514107 0.611190 0.446046 0.544041 0.518449 0.666254 0.473836 0.476703 0.515076 0.576170 0.389468 0.538782 0.463943 0.500554 0.562859 0.464812 0.500791
210 7 159 48 120 7.2 72 0.524461 0.470490 0.486760 0.499389 0.589486 0.569509 0.586998 0.507300 0.451619 0.361664 0.682628 0.479338 0.434428 0.556581 0.385771 0.588353 0.387056 0.464156 0.373359 0.573884 0.494991 0.429534 0.572141 0.533036 0.455395 0.574821 0.486099 0.508156 0.426515 0.479399 0.497777
211 6 226 48 120 7.2 72 0.526787 0.490416 0.562433 0.420200 0.338578 0.545943 0.595199 0.516009 0.430523 0.644949 0.556392 0.493348 0.629099 0.506655 0.524369 0.564094 0.486274 0.513692 0.527201 0.504505 0.470710 0.408718 0.409717 0.541332 0.454990 0.486631 0.459663 0.583455 0.371793 0.427611 0.499710
212 6 226 48 120 7.2 72 0.481645 0.581243 0.531725 0.443233 0.521390 0.480192 0.395314 0.423908 0.440168 0.582434 0.492699 0.512346 0.486790 0.531934 0.354409 0.412910 0.404472 0.443777 0.574633 0.534754 0.418654 0.591380 0.646176 0.497148 0.339909 0.594013 0.381941 0.521473 0.596916 0.610815 0.494280
213 12 78 48 120 4 40 0.480445 0.470513 0.534454 0.384997 0.632568 0.551470 0.406042 0.394629 0.554255 0.626753 0.504441 0.583032 0.636549 0.626003 0.441932 0.603902 0.438008 0.398905 0.575642 0.462305 0.517643 0.476624 0.558120 0.437386 0.483928 0.407435 0.418374 0.650948 0.487505 0.442634 0.506248
214 12 78 48 120 4 40 0.518778 0.498062 0.473137 0.635944 0.459120 0.484126 0.540686 0.645826 0.601789 0.628991 0.470411 0.549181 0.580456 0.341060 0.648468 0.522420 0.587385 0.535616 0.631209 0.542693 0.570016 0.438470 0.510839 0.457294 0.642369 0.470377 0.577444 0.398814 0.596831 0.593284 0.538370
215 13 113 48 120 7.2 72 0.476289 0.615048 0.477308 0.658041 0.442978 0.384971 0.580906 0.437247 0.429734 0.606297 0.617971 0.528268 0.601803 0.563396 0.480286 0.352063 0.596634 0.581071 0.631005 0.494132 0.481761 0.587275 0.549637 0.600707 0.580080 0.581476 0.544689 0.501271 0.467775 0.521588 0.532390
216 13 113 48 120 7.2 72 0.577829 0.555165 0.490423 0.346777 0.364559 0.530670 0.527990 0.570700 0.404343 0.479033 0.527558 0.458423 0.381108 0.412365 0.503300 0.650737 0.583594 0.562352 0.589351 0.541445 0.571203 0.459850 0.495625 0.554445 0.444410 0.541878 0.582278 0.573360 0.426068 0.482098 0.506298
217 11 89 48 216 7.2 144 0.420628 0.600558 0.633521 0.603809 0.434011 0.635570 0.621572 0.531978 0.527171 0.613673 0.654505 0.425942 0.545407 0.416192 0.479117 0.485236 0.444266 0.384409 0.471562 0.635034 0.396892 0.549956 0.486582 0.619995 0.490517 0.538410 0.397370 0.548623 0.423465 0.594905 0.520362
218 11 123 48 216 7.2 144 0.567976 0.451779 0.498830 0.402059 0.592795 0.521133 0.680419 0.450457 0.539299 0.482938 0.480781 0.408053 0.452366 0.444720 0.525113 0.613897 0.471962 0.541070 0.491450 0.328734 0.403230 0.460809 0.543290 0.541722 0.548563 0.547279 0.554701 0.443171 0.387306 0.368558 0.491482
219 17 124 48 120 7.2 144 0.463184 0.437067 0.614315 0.683849 0.630328 0.648783 0.520720 0.558082 0.360340 0.442452 0.525566 0.455565 0.477696 0.472256 0.649449 0.512290 0.516803 0.444303 0.500751 0.625342 0.601165 0.402731 0.459328 0.506180 0.406507 0.396682 0.359439 0.401142 0.598681 0.585041 0.508534
220 2 328 72 120 2.4 72 0.557964 0.623182 0.450446 0.600778 0.524030 0.561888 0.445261 0.458243 0.607338 0.458882 0.679148 0.562501 0.410005 0.591569 0.534451 0.572947 0.365252 0.409040 0.435605 0.353563 0.444284 0.546628 0.486854 0.680408 0.623688 0.357126 0.468883 0.547430 0.497018 0.498593 0.511767
221 2 298 72 120 2.4 72 0.588946 0.596803 0.399460 0.386523 0.597306 0.420218 0.416033 0.501755 0.447727 0.606574 0.517940 0.517473 0.652357 0.505273 0.514698 0.482520 0.378402 0.563839 0.539229 0.605076 0.345574 0.540328 0.540160 0.477577 0.518967 0.637531 0.585799 0.410915 0.380530 0.583621 0.508638
222 2 322 72 120 2.4 72 0.534964 0.490590 0.640135 0.519823 0.321551 0.650823 0.534150 0.637324 0.461224 0.553452 0.554211 0.641624 0.514346 0.430036 0.362407 0.531155 0.460791 0.366654 0.375219 0.637968 0.474675 0.478630 0.419335 0.647122 0.596276 0.384469 0.591315 0.414172 0.567182 0.450980 0.508087
223 4 93 72 144 1 10 0.559304 0.533642 0.398225 0.498161 0.485980 0.575534 0.457506 0.541245 0.402484 0.536420 0.584087 0.502547 0.497914 0.604256 0.495231 0.513036 0.483972 0.560427 0.577035 0.524243 0.486356 0.484611 0.356877 0.465347 0.492567 0.433934 0.541567 0.411380 0.499062 0.527851 0.501027
224 4 294 72 144 2 20 0.504998 0.452500 0.487052 0.613841 0.495471 0.409035 0.401110 0.611865 0.587408 0.504673 0.453748 0.361792 0.378247 0.360063 0.392793 0.484372 0.386941 0.535283 0.514200 0.442374 0.442789 0.380880 0.500690 0.395472 0.535459 0.419851 0.420734 0.477304 0.381629 0.600705 0.464443
225 4 266 72 144 1 10 0.454311 0.518277 0.490787 0.537583 0.526520 0.445623 0.648401 0.598548 0.422374 0.421684 0.557741 0.522023 0.598655 0.392230 0.506998 0.321628 0.396614 0.417213 0.495370 0.542979 0.597542 0.647696 0.521537 0.497327 0.525300 0.654325 0.469877 0.538458 0.542594 0.477763 0.509599
226 1 294 72 144 6.4 64 0.455604 0.400036 0.333318 0.394620 0.335649 0.651437 0.593797 0.429377 0.532339 0.532606 0.486717 0.527040 0.570389 0.423585 0.455156 0.492546 0.494728 0.341777 0.415275 0.410425 0.545753 0.646235 0.494214 0.594093 0.517841 0.426914 0.514405 0.584705 0.363826 0.325099 0.476317
227 2 336 72 144 2.4 72 0.528049 0.548499 0.659490 0.589951 0.554970 0.520187 0.511173 0.452519 0.497483 0.497201 0.519122 0.523704 0.539667 0.578901 0.497565 0.548815 0.505744 0.483740 0.458959 0.371280 0.607427 0.482677 0.494595 0.498955 0.630123 0.466557 0.544440 0.340799 0.451792 0.424000 0.510946
228 7 280 72 144 6.4 64 0.465855 0.436265 0.432575 0.614710 0.464719 0.521585 0.587739 0.534340 0.402434 0.453204 0.548049 0.643293 0.584442 0.538286 0.554284 0.572242 0.573431 0.588476 0.526067 0.450322 0.558368 0.536796 0.401625 0.426328 0.522405 0.389846 0.482425 0.677670 0.455859 0.429440 0.512436
229 7 280 72 144 6.4 64 0.361351 0.338085 0.602391 0.469007 0.412643 0.582679 0.608112 0.350573 0.371367 0.485606 0.525086 0.398260 0.433894 0.443617 0.465003 0.468580 0.361107 0.601091 0.446285 0.409974 0.542554 0.503102 0.537393 0.546743 0.623388 0.487153 0.491235 0.587429 0.394204 0.392040 0.474665
230 19 316 72 120 6.4 192 0.523494 0.567987 0.635121 0.581210 0.357944 0.391831 0.527936 0.598361 0.615613 0.412083 0.452872 0.487940 0.501183 0.553727 0.389127 0.531975 0.463611 0.404985 0.589944 0.487426 0.482373 0.564069 0.440090 0.576435 0.465244 0.501007 0.382575 0.472612 0.559956 0.469857 0.499620
231 19 323 72 672 3 90 0.536292 0.410131 0.559574 0.483678 0.435109 0.574069 0.481859 0.480955 0.491573 0.591332 0.571815 0.470123 0.348796 0.407920 0.328212 0.575500 0.632854 0.382354 0.458696 0.661995 0.414656 0.370125 0.561203 0.535119 0.530640 0.611687 0.368006 0.528328 0.548572 0.535164 0.496211
232 19 325 72 120 3 90 0.503996 0.453811 0.479333 0.540218 0.511026 0.456032 0.556528 0.614785 0.325143 0.449608 0.505638 0.620226 0.545157 0.488932 0.428104 0.509092 0.569874 0.533156 0.544429 0.605205 0.567807 0.479890 0.425633 0.455314 0.354384 0.463583 0.551703 0.555792 0.400401 0.674582 0.505646
233 19 316 72 120 8 240 0.450712 0.386172 0.510640 0.504314 0.560586 0.413147 0.347237 0.572438 0.519446 0.438950 0.565585 0.552084 0.667695 0.393997 0.369251 0.472738 0.527255 0.468398 0.361795 0.532898 0.399900 0.454392 0.554909 0.490399 0.663068 0.575224 0.670335 0.513581 0.608060 0.527430 0.502421
234 12 93 72 144 6.4 64 0.506772 0.520122 0.467413 0.450874 0.568787 0.548965 0.538120 0.548831 0.503973 0.440750 0.461950 0.517215 0.580951 0.470004 0.388538 0.548116 0.582846 0.380968 0.370537 0.605558 0.495193 0.488926 0.471882 0.505322 0.518504 0.503826 0.477715 0.445243 0.499765 0.484048 0.496390
235 12 93 72 144 6.4 64 0.487634 0.625722 0.497897 0.653759 0.581277 0.407460 0.400846 0.547987 0.401739 0.546253 0.595414 0.397184 0.430428 0.494598 0.557591 0.633109 0.471891 0.637917 0.521473 0.480803 0.398333 0.514909 0.356768 0.410745 0.472387 0.673197 0.455759 0.497165 0.570757 0.406636 0.504255
236 19 319 72 264 12.8 384 0.518809 0.362387 0.608023 0.605791 0.431326 0.579709 0.497746 0.398925 0.467009 0.598187 0.482773 0.515189 0.513616 0.610686 0.567742 0.494983 0.550343 0.522396 0.562000 0.500955 0.492028 0.489722 0.489541 0.596596 0.461299 0.573449 0.536171 0.481026 0.436476 0.477853 0.514092
237 19 319 72 264 3 90 0.508374 0.642089 0.606210 0.554649 0.531695 0.596445 0.546953 0.514958 0.572300 0.547003 0.512606 0.399511 0.512245 0.424073 0.525347 0.516012 0.365038 0.514580 0.423092 0.495107 0.609166 0.398095 0.628548 0.419914 0.338960 0.569388 0.440082 0.546538 0.605197 0.488516 0.511756
238 19 319 72 264 15.4 462 0.575717 0.522654 0.479287 0.359989 0.594919 0.343140 0.486980 0.482195 0.594037 0.459344 0.443437 0.395768 0.389144 0.415985 0.407344 0.442984 0.384678 0.456664 0.480505 0.416341 0.524381 0.461317 0.346623 0.368412 0.476622 0.460010 0.481730 0.461051 0.473324 0.582609 0.458906
239 18 319 72 168 3.6 108 0.398373 0.427298 0.559183 0.518017 0.498591 0.559256 0.475510 0.395951 0.369646 0.492836 0.480461 0.496809 0.480553 0.436745 0.604567 0.446741 0.645944 0.538779 0.440376 0.511258 0.568917 0.456106 0.480388 0.381931 0.529307 0.427580 0.649334 0.472813 0.665717 0.567947 0.499231
240 13 78 72 144 7.2 72 0.507654 0.484120 0.615854 0.490104 0.308949 0.492801 0.583166 0.452118 0.652741 0.306590 0.627065 0.496405 0.520638 0.586682 0.474391 0.467671 0.528467 0.517826 0.502076 0.360322 0.555552 0.513042 0.455084 0.477832 0.399187 0.405698 0.511634 0.449521 0.485895 0.523466 0.491752
241 19 317 72 168 6.4 192 0.641634 0.459575 0.540526 0.465562 0.444599 0.559343 0.490309 0.440265 0.663146 0.465319 0.491791 0.521006 0.335637 0.542989 0.531820 0.312798 0.495249 0.611206 0.538187 0.481805 0.608466 0.545935 0.562149 0.507778 0.569556 0.532452 0.378752 0.349757 0.584098 0.537917 0.506988
242 18 300 96 192 3.6 108 0.538073 0.468046 0.577617 0.582515 0.469225 0.419059 0.563755 0.544316 0.325971 0.492394 0.628585 0.488590 0.433123 0.339781 0.449969 0.620702 0.469191 0.384837 0.524146 0.455738 0.549749 0.436896 0.498758 0.470411 0.449868 0.612596 0.546890 0.429333 0.425248 0.580375 0.492525
243 2 306 96 144 2.4 72 0.478008 0.597987 0.514334 0.498799 0.510640 0.535037 0.513604 0.540597 0.513482 0.372311 0.401290 0.372138 0.444118 0.514507 0.435045 0.504671 0.568016 0.423888 0.539495 0.674625 0.543280 0.506701 0.442245 0.512408 0.490563 0.629510 0.530522 0.632516 0.364413 0.630005 0.507825
244 13 248 96 192 13 260 0.486021 0.680214 0.448064 0.540043 0.493202 0.470052 0.561154 0.603585 0.434029 0.449113 0.483317 0.489496 0.320316 0.424774 0.380899 0.514920 0.345053 0.555071 0.658139 0.484135 0.377170 0.441417 0.414711 0.457685 0.527025 0.387966 0.495952 0.576084 0.519452 0.527095 0.484872
245 19 324 96 192 12.8 384 0.463537 0.441537 0.392883 0.438090 0.465119 0.365990 0.463362 0.571660 0.632797 0.566060 0.525545 0.562624 0.526875 0.516465 0.382721 0.369678 0.351648 0.458311 0.589616 0.372127 0.401009 0.619559 0.488025 0.455299 0.527069 0.372548 0.539392 0.512225 0.453601 0.474690 0.476669
246 18 309 96 1296 5.4 162 0.387558 0.559135 0.436561 0.521020 0.535009 0.329129 0.475253 0.571989 0.601995 0.525468 0.464831 0.629337 0.568221 0.490594 0.462035 0.424091 0.390638 0.520039 0.373509 0.570205 0.424455 0.515222 0.529674 0.443188 0.483523 0.551574 0.488600 0.439471 0.572572 0.369565 0.488482
247 19 320 96 288 15.4 462 0.457903 0.486729 0.643249 0.559821 0.457782 0.604176 0.565984 0.408594 0.457143 0.465626 0.471774 0.325427 0.518108 0.539576 0.367716 0.501427 0.585170 0.593681 0.483752 0.425030 0.426609 0.614443 0.568932 0.465300 0.536993 0.543739 0.661972 0.521061 0.462763 0.516350 0.507894
248 19 320 96 288 3 90 0.645642 0.524752 0.483018 0.413940 0.490641 0.570136 0.358098 0.432486 0.317198 0.433574 0.435727 0.526546 0.438281 0.554284 0.638413 0.462853 0.555801 0.428161 0.421407 0.671544 0.470368 0.376802 0.349004 0.395996 0.452467 0.424709 0.517942 0.563042 0.359265 0.348732 0.468694
249 12 8 96 168 1.6 16 0.425801 0.418033 0.604243 0.550023 0.464880 0.511215 0.419513 0.341465 0.587886 0.615454 0.340982 0.539364 0.474109 0.569590 0.394221 0.628510 0.456224 0.438607 0.576546 0.535296 0.631392 0.657200 0.686420 0.602702 0.601364 0.372320 0.407492 0.622105 0.571906 0.423833 0.515623
250 12 8 96 168 1.6 16 0.473941 0.473033 0.521014 0.657088 0.439871 0.360792 0.524735 0.422997 0.507224 0.570258 0.461909 0.365274 0.572129 0.599144 0.591006 0.649708 0.604432 0.429379 0.380701 0.494045 0.535927 0.372041 0.501730 0.558949 0.531494 0.501840 0.499717 0.492721 0.460455 0.472946 0.500883
251 8 159 96 168 3 30 0.543669 0.549176 0.498956 0.446516 0.479097 0.620595 0.517568 0.354114 0.432522 0.427436 0.595374 0.477966 0.456461 0.605643 0.514823 0.628166 0.472999 0.510380 0.403665 0.381989 0.488575 0.467708 0.517564 0.492926 0.525903 0.484630 0.493401 0.480876 0.574941 0.459253 0.496763
252 8 159 96 168 1 10 0.474899 0.419855 0.436760 0.531561 0.469492 0.381200 0.587787 0.502575 0.531158 0.569118 0.623374 0.388728 0.375551 0.355340 0.426588 0.425426 0.462294 0.455619 0.578531 0.540887 0.448180 0.546545 0.687337 0.688704 0.559254 0.555728 0.616278 0.326129 0.454784 0.580772 0.500015
253 6 159 96 264 2 20 0.568282 0.479736 0.480168 0.516687 0.533942 0.494320 0.502546 0.561771 0.409282 0.478327 0.434737 0.558335 0.494821 0.503191 0.569149 0.560751 0.551006 0.492125 0.570977 0.458259 0.422588 0.564392 0.544550 0.429487 0.489731 0.512053 0.473136 0.516154 0.401329 0.632682 0.506817
254 16 272 96 264 7.2 216 0.327830 0.576842 0.584865 0.464881 0.483117 0.541447 0.479637 0.566927 0.507668 0.461513 0.343118 0.568960 0.621079 0.410884 0.638445 0.462542 0.527916 0.521787 0.522876 0.596828 0.660172 0.427814 0.476779 0.507021 0.422748 0.393226 0.514423 0.490060 0.608237 0.386367 0.503200
255 16 271 96 264 7.2 216 0.391351 0.510877 0.350643 0.542272 0.497710 0.422210 0.374561 0.645590 0.450683 0.436540 0.534971 0.374822 0.367796 0.503741 0.417244 0.594059 0.481298 0.412084 0.394125 0.507429 0.495602 0.374169 0.640065 0.596347 0.401954 0.428274 0.485946 0.547598 0.494891 0.521946 0.473227
256 18 311 96 288 5.4 162 0.630231 0.518339 0.500496 0.541214 0.448443 0.324402 0.406843 0.371537 0.478715 0.575924 0.505240 0.615290 0.601710 0.491876 0.515855 0.555028 0.451766 0.602427 0.491062 0.545162 0.548118 0.454259 0.524052 0.576707 0.418364 0.441176 0.610541 0.553916 0.491380 0.615541 0.513521
257 13 265 96 168 7.2 72 0.421143 0.514229 0.477438 0.634083 0.438476 0.598231 0.447994 0.527508 0.452811 0.618169 0.544576 0.550979 0.431835 0.498693 0.675326 0.510860 0.680643 0.378248 0.391749 0.563337 0.461496 0.489934 0.442202 0.501217 0.492285 0.376522 0.543663 0.558504 0.474621 0.557440 0.508474
258 13 197 120 720 13 390 0.592584 0.478140 0.329309 0.395784 0.618581 0.461768 0.558205 0.496928 0.373885 0.509932 0.439225 0.636766 0.405927 0.580142 0.587417 0.416821 0.338017 0.389673 0.453400 0.507055 0.476827 0.378783 0.562476 0.539347 0.410814 0.469254 0.431658 0.352494 0.538766 0.431504 0.472049
259 18 334 120 216 3.6 108 0.544242 0.585633 0.577203 0.530533 0.549377 0.609230 0.476775 0.457054 0.364755 0.319320 0.565066 0.563505 0.624539 0.473123 0.438142 0.385504 0.483670 0.670730 0.464223 0.423984 0.537261 0.432836 0.602958 0.572540 0.583536 0.415891 0.415602 0.482358 0.392815 0.461776 0.500139
260 3 327 120 216 0.9 27 0.512822 0.423141 0.428723 0.508522 0.630099 0.398307 0.430776 0.468897 0.417855 0.479363 0.459057 0.476451 0.491578 0.372673 0.578373 0.532655 0.471809 0.373393 0.432230 0.455315 0.520862 0.663233 0.390250 0.507372 0.672477 0.590625 0.417118 0.642753 0.521085 0.661442 0.497642
261 13 28 120 408 15.3 153 0.544132 0.539476 0.652982 0.543468 0.462984 0.529203 0.603654 0.459491 0.591024 0.496394 0.463733 0.523033 0.517799 0.474899 0.530434 0.436360 0.518334 0.669512 0.436413 0.524808 0.609128 0.457187 0.555200 0.560643 0.525590 0.369238 0.473095 0.454043 0.410153 0.427870 0.512009
262 13 243 120 216 13 260 0.355068 0.621723 0.520685 0.634198 0.555572 0.462158 0.449165 0.531146 0.561579 0.504219 0.657637 0.532202 0.451909 0.343537 0.589342 0.462793 0.439212 0.508023 0.613574 0.536294 0.440951 0.541848 0.550201 0.522927 0.474697 0.460409 0.488119 0.321987 0.597967 0.374825 0.503466
263 13 235 120 384 4 120 0.424086 0.528972 0.406408 0.427819 0.385678 0.519474 0.583800 0.626142 0.437495 0.379077 0.551673 0.457851 0.550782 0.439979 0.418806 0.441130 0.451090 0.489372 0.529261 0.447475 0.567724 0.380008 0.653143 0.478492 0.415850 0.487910 0.501061 0.554378 0.561530 0.579868 0.489211
264 11 119 120 192 13 390 0.571488 0.339811 0.474681 0.591942 0.561107 0.620770 0.520041 0.410562 0.552121 0.443469 0.492593 0.490495 0.473239 0.522467 0.375863 0.404559 0.493754 0.411256 0.423167 0.332043 0.500140 0.551769 0.498283 0.622898 0.630883 0.651414 0.472776 0.497899 0.530542 0.518519 0.499352
265 11 111 120 192 13 390 0.480840 0.355733 0.620806 0.475460 0.513583 0.424653 0.486826 0.442901 0.616615 0.550935 0.501931 0.497711 0.542137 0.544168 0.532885 0.623329 0.554580 0.439242 0.352541 0.577730 0.528175 0.539109 0.544429 0.531556 0.444591 0.490887 0.540267 0.442629 0.521596 0.637889 0.511858
266 11 100 120 192 13 390 0.587400 0.331416 0.564640 0.531334 0.618456 0.478363 0.518046 0.611004 0.503742 0.422906 0.483945 0.583295 0.442231 0.455491 0.649154 0.534709 0.474995 0.456966 0.481463 0.600562 0.552393 0.384320 0.529396 0.566341 0.465986 0.406851 0.558220 0.625176 0.478431 0.456997 0.511808
267 11 101 120 192 13 520 0.667783 0.578802 0.311238 0.374748 0.544133 0.505056 0.533752 0.553861 0.416836 0.473125 0.546129 0.425864 0.420660 0.635802 0.489876 0.578138 0.421865 0.368692 0.420906 0.561195 0.444042 0.611580 0.480841 0.527220 0.526661 0.597379 0.415283 0.453134 0.473834 0.448798 0.493574
268 11 103 120 192 13 390 0.465445 0.517933 0.495529 0.538211 0.389804 0.369889 0.559088 0.324044 0.517231 0.668528 0.388019 0.504518 0.324103 0.521783 0.667623 0.561830 0.626313 0.494573 0.464202 0.485354 0.472229 0.606257 0.693337 0.578954 0.631293 0.536312 0.473997 0.367671 0.468767 0.462544 0.505846
269 11 106 120 192 13 390 0.389522 0.491190 0.544644 0.551735 0.605330 0.405399 0.521542 0.597630 0.449524 0.544891 0.578362 0.471681 0.525266 0.534803 0.494977 0.481797 0.422616 0.666751 0.641723 0.577564 0.336475 0.469754 0.360501 0.575922 0.461375 0.488532 0.522633 0.478922 0.523953 0.380682 0.503190
270 11 143 120 192 13 390 0.485022 0.625964 0.625620 0.667592 0.593079 0.612915 0.554200 0.453327 0.424925 0.407018 0.504052 0.514936 0.592968 0.500929 0.401138 0.572507 0.455267 0.538275 0.509999 0.599914 0.415949 0.488952 0.396199 0.535718 0.438824 0.430120 0.559502 0.535014 0.384585 0.486525 0.510368
271 11 117 120 192 13 390 0.549206 0.413220 0.624617 0.611750 0.563269 0.432778 0.443563 0.495203 0.609451 0.399236 0.404214 0.507032 0.551788 0.385061 0.542974 0.598784 0.626124 0.563278 0.521267 0.531237 0.473669 0.549652 0.554673 0.474734 0.530791 0.512789 0.592721 0.576209 0.433731 0.396204 0.515641
272 11 118 120 192 13 390 0.383752 0.384446 0.555939 0.629126 0.557064 0.396377 0.471520 0.591678 0.639382 0.516025 0.311588 0.370362 0.507252 0.589408 0.659850 0.459911 0.470886 0.539826 0.572427 0.503990 0.521477 0.433309 0.477834 0.507811 0.491959 0.407592 0.632407 0.585883 0.499967 0.490952 0.505333
273 11 137 120 192 13 390 0.521443 0.408026 0.536379 0.573918 0.545849 0.520864 0.457198 0.672194 0.399384 0.684122 0.546774 0.495608 0.582932 0.499003 0.546153 0.473599 0.661160 0.463253 0.582658 0.429804 0.553756 0.576848 0.545186 0.364848 0.596243 0.419673 0.497485 0.477044 0.664661 0.534894 0.527699
274 11 102 120 192 13 520 0.589916 0.673262 0.509830 0.464295 0.539476 0.672164 0.560778 0.476876 0.505649 0.450477 0.544148 0.424929 0.592763 0.477487 0.402333 0.559221 0.516781 0.575123 0.590386 0.547576 0.491318 0.414436 0.404904 0.544040 0.452599 0.407637 0.432102 0.558122 0.554485 0.327030 0.508671
275 11 113 120 192 3 30 0.551934 0.515757 0.539580 0.669648 0.408667 0.637007 0.484848 0.587451 0.623051 0.387657 0.654532 0.419878 0.364790 0.660278 0.532691 0.519643 0.650788 0.527251 0.479776 0.352148 0.438811 0.497712 0.542009 0.639704 0.533338 0.473291 0.542976 0.572039 0.534717 0.566653 0.530288
276 11 138 120 192 13 390 0.596037 0.532742 0.448382 0.533434 0.471423 0.397980 0.381308 0.497832 0.537222 0.501959 0.342920 0.515172 0.515096 0.447980 0.557272 0.571733 0.420365 0.496813 0.531381 0.486259 0.514835 0.389192 0.371273 0.614621 0.572008 0.421619 0.577646 0.339746 0.511545 0.507421 0.486774
277 11 141 120 192 13 390 0.577426 0.497699 0.503817 0.517730 0.548672 0.570406 0.399635 0.559426 0.647602 0.609491 0.420221 0.520914 0.419979 0.511261 0.573671 0.399215 0.401515 0.428446 0.413564 0.512916 0.590986 0.352919 0.659928 0.501233 0.470543 0.509092 0.483968 0.633805 0.302616 0.455074 0.499793
278 11 104 120 192 13 390 0.634404 0.503927 0.568182 0.534872 0.488663 0.516059 0.543821 0.504586 0.666557 0.467837 0.507794 0.429565 0.388998 0.579921 0.437724 0.422662 0.454844 0.584286 0.641638 0.521595 0.431466 0.469485 0.401387 0.526175 0.377128 0.442819 0.474764 0.612209 0.478899 0.381611 0.499796
279 11 145 120 192 13 390 0.442599 0.484465 0.543671 0.507315 0.375131 0.553760 0.680732 0.544257 0.424138 0.472544 0.534427 0.580170 0.522224 0.483235 0.410812 0.675422 0.486253 0.345528 0.521923 0.378753 0.399848 0.393804 0.509920 0.372641 0.530336 0.470369 0.463344 0.447852 0.597572 0.434392 0.486248
280 11 140 120 192 13 390 0.328090 0.473702 0.650019 0.474042 0.391653 0.622869 0.418569 0.552576 0.456601 0.580449 0.497913 0.505878 0.545198 0.596230 0.510589 0.522792 0.609036 0.416875 0.634585 0.476536 0.466174 0.556138 0.649404 0.506440 0.519915 0.590320 0.495318 0.401024 0.327564 0.502732 0.509308
281 11 142 120 192 13 390 0.411532 0.400546 0.474081 0.554514 0.365032 0.551789 0.654834 0.547030 0.441170 0.523071 0.546843 0.421030 0.666829 0.573026 0.500446 0.448546 0.484990 0.631693 0.602589 0.578024 0.456253 0.593387 0.635165 0.480336 0.458174 0.384919 0.379737 0.553018 0.633587 0.414931 0.512237
282 11 144 120 192 13 390 0.367771 0.556727 0.511142 0.498565 0.599742 0.644985 0.484170 0.501744 0.553248 0.495889 0.503025 0.687208 0.605377 0.544535 0.480105 0.524794 0.615566 0.557429 0.548781 0.545751 0.558485 0.439779 0.555496 0.637306 0.581126 0.602156 0.505704 0.523182 0.522771 0.646819 0.546646
283 11 146 120 192 13 390 0.538636 0.602812 0.504760 0.434185 0.377523 0.586654 0.502756 0.638345 0.483896 0.474148 0.472808 0.395177 0.617076 0.441355 0.507983 0.563300 0.397104 0.454707 0.453244 0.430558 0.555231 0.514278 0.431898 0.456159 0.626849 0.530997 0.581925 0.353238 0.492470 0.525128 0.498173
284 11 148 120 192 13 390 0.497639 0.468700 0.524622 0.462124 0.468260 0.320306 0.606275 0.422035 0.468412 0.390039 0.498403 0.382338 0.502885 0.410891 0.399536 0.497466 0.411582 0.534261 0.434490 0.477845 0.454735 0.485114 0.420725 0.577214 0.393250 0.487312 0.586636 0.413784 0.468223 0.486324 0.465048
285 11 150 120 192 13 390 0.469526 0.598221 0.426005 0.423148 0.356749 0.477662 0.556870 0.611005 0.413248 0.426172 0.495815 0.536352 0.445822 0.483542 0.510289 0.573452 0.548824 0.461217 0.562710 0.602744 0.500372 0.621801 0.587951 0.476374 0.393694 0.392900 0.341136 0.411550 0.500000 0.563584 0.492291
286 11 105 120 192 13 390 0.437551 0.539578 0.465443 0.656584 0.555067 0.486404 0.452175 0.497166 0.561696 0.440783 0.410452 0.502261 0.441270 0.563392 0.595757 0.678566 0.440671 0.580203 0.425988 0.546758 0.576696 0.545377 0.500467 0.420395 0.675590 0.519157 0.528998 0.435465 0.402877 0.355401 0.507940
287 11 139 120 192 13 390 0.672285 0.624686 0.484673 0.524835 0.385293 0.363847 0.480510 0.456575 0.528725 0.436067 0.463995 0.495795 0.501983 0.531210 0.456023 0.446764 0.449815 0.467577 0.482882 0.459960 0.361681 0.357194 0.364579 0.557103 0.430224 0.494331 0.614435 0.389783 0.421603 0.635706 0.478005
288 11 147 120 192 13 390 0.470548 0.456040 0.388040 0.333059 0.510636 0.594919 0.462779 0.556137 0.470032 0.566976 0.505858 0.472416 0.532727 0.429625 0.475282 0.605003 0.402171 0.556497 0.398124 0.518134 0.616180 0.533712 0.423429 0.546289 0.622799 0.377397 0.509544 0.465626 0.551771 0.671218 0.500766
289 11 149 120 192 13 390 0.427122 0.550539 0.359202 0.423841 0.510368 0.442134 0.600834 0.591718 0.613659 0.655392 0.608311 0.489416 0.549621 0.615548 0.373598 0.483086 0.625882 0.500775 0.341833 0.520925 0.544233 0.401562 0.360296 0.513704 0.571747 0.543489 0.555976 0.478324 0.541178 0.598120 0.513081
290 4 264 120 480 1.5 45 0.652283 0.415072 0.558785 0.475306 0.567146 0.479075 0.447375 0.421348 0.413138 0.432002 0.544237 0.601676 0.570585 0.490880 0.547096 0.505079 0.455797 0.432766 0.547227 0.510717 0.416999 0.360407 0.438048 0.355922 0.408863 0.603502 0.623710 0.447088 0.570577 0.530864 0.494119
291 19 316 120 168 3.2 96 0.441141 0.581142 0.507043 0.310583 0.466724 0.522272 0.471839 0.381607 0.546497 0.510111 0.550891 0.480741 0.523701 0.461155 0.367684 0.578648 0.581318 0.432448 0.647257 0.418907 0.652338 0.507623 0.658781 0.566789 0.567490 0.392279 0.557387 0.474810 0.533585 0.598030 0.509694
292 19 322 120 168 12.8 384 0.528957 0.510448 0.578954 0.432858 0.446641 0.517060 0.575978 0.559401 0.411585 0.436154 0.552023 0.471730 0.611532 0.386575 0.420503 0.421664 0.595063 0.422918 0.498095 0.552889 0.532087 0.341034 0.414164 0.419242 0.477583 0.522872 0.374541 0.375920 0.440073 0.614739 0.481443
293 3 311 120 216 1 30 0.651326 0.389547 0.505429 0.552153 0.576062 0.521853 0.473868 0.340710 0.582208 0.562434 0.531354 0.359154 0.440952 0.381778 0.406822 0.527346 0.332860 0.648124 0.641771 0.392234 0.554709 0.464533 0.547018 0.427223 0.496046 0.512992 0.488537 0.414243 0.462913 0.411180 0.486579
294 20 60 120 192 2.4 72 0.366858 0.543039 0.527370 0.399227 0.581653 0.390693 0.454075 0.502322 0.585626 0.406521 0.616175 0.343819 0.484854 0.408582 0.533955 0.434427 0.601609 0.475441 0.603760 0.580932 0.394830 0.416468 0.393866 0.390216 0.640569 0.469070 0.524660 0.397304 0.621677 0.619937 0.490318
295 12 273 120 192 4 40 0.608605 0.522125 0.419354 0.506192 0.521028 0.539858 0.409625 0.536849 0.455323 0.579190 0.466946 0.391180 0.618139 0.535496 0.626723 0.576945 0.548028 0.378164 0.313202 0.626840 0.409048 0.534073 0.460064 0.476771 0.550693 0.569018 0.495639 0.373383 0.516227 0.643139 0.506929
296 12 273 120 192 4 40 0.449258 0.385063 0.679548 0.420622 0.475503 0.459829 0.484137 0.543391 0.481977 0.571470 0.463332 0.574188 0.533616 0.440259 0.483010 0.499420 0.506872 0.506604 0.580469 0.475414 0.516907 0.483704 0.516234 0.543411 0.558094 0.545881 0.437169 0.315142 0.677919 0.337046 0.498183
297 12 229 120 192 4 120 0.512037 0.641770 0.620453 0.369038 0.467176 0.590001 0.596761 0.579671 0.453544 0.407384 0.591672 0.652519 0.616551 0.439283 0.582636 0.366852 0.404996 0.644902 0.546107 0.473772 0.345910 0.647019 0.472438 0.545443 0.535743 0.376822 0.585960 0.598207 0.349141 0.470937 0.516158
298 12 229 120 192 4 120 0.379495 0.378519 0.514352 0.577922 0.409441 0.420805 0.556768 0.558044 0.544710 0.454792 0.481444 0.464277 0.567757 0.543858 0.451465 0.411674 0.602494 0.350691 0.558899 0.500660 0.329486 0.584304 0.539976 0.600391 0.511142 0.583216 0.619576 0.500375 0.547515 0.484102 0.500938
299 6 159 120 192 3 30 0.412000 0.653630 0.504347 0.657977 0.400053 0.430189 0.525425 0.432335 0.421225 0.557451 0.512233 0.587470 0.578858 0.493584 0.458288 0.530741 0.582443 0.414830 0.574569 0.531868 0.424814 0.393124 0.378897 0.521829 0.589224 0.347370 0.450255 0.508494 0.372288 0.520470 0.492209
300 6 159 120 192 2 20 0.560435 0.457257 0.510620 0.529915 0.350886 0.446743 0.656792 0.513409 0.513182 0.570455 0.360452 0.458639 0.632774 0.326044 0.468914 0.450307 0.478468 0.424863 0.559101 0.551862 0.654262 0.545768 0.388263 0.480507 0.556181 0.389890 0.575901 0.409613 0.518270 0.474840 0.493820
1 1 1 1296
2 2 2 1296
3 2 2 1296
4 3 1 1296
5 4 2 1296
6 4 2 1296
7 4 2 1296
8 4 2 1296
9 4 2 1296
10 4 2 1296
11 5 2 1296
12 6 2 1296
13 6 2 1296
14 7 2 1296
15 7 2 1296
16 8 1 1296
17 9 1 1296
18 10 1 1296
19 11 2 1296
20 11 2 1296
21 11 2 1296
22 11 2 1296
23 11 2 1296
24 11 2 1296
25 11 2 1296
26 11 2 1296
27 11 2 1296
28 11 2 1296
29 11 2 1296
30 11 2 1296
31 11 2 1296
32 11 2 1296
33 11 2 1296
34 11 2 1296
35 11 2 1296
36 11 2 1296
37 11 2 1296
38 11 2 1296
39 11 2 1296
40 11 2 1296
41 11 2 1296
42 11 2 1296
43 11 2 1296
44 11 2 1296
45 11 2 1296
46 11 2 1296
47 11 2 1296
48 11 2 1296
49 11 2 1296
50 11 2 1296
51 11 2 1296
52 11 2 1296
53 11 2 1296
54 11 2 1296
55 11 2 1296
56 12 1 1296
57 12 1 1296
58 13 1 1296
59 13 1 1296
60 13 1 1296
61 13 1 1296
62 13 1 1296
63 14 2 1296
64 15 2 1296
65 16 1 1296
66 17 1 1296
67 17 1 1296
68 18 2 1296
69 19 2 1296
70 19 2 1296
71 19 2 1296
72 19 2 1296
73 19 2 1296
74 19 2 1296
75 20 1 1296
