329 600 165

1 34 1693 0 72 7.2 288
2 33 1107 0 168 1 40
3 33 605 0 24 7.2 216
4 33 478 0 24 1 30
5 33 604 0 24 1 30
6 33 1442 0 24 1 40
7 33 462 0 24 1 30
8 33 471 0 24 1 40
9 33 1367 0 24 12.8 256
10 33 493 0 24 7.2 288
11 33 604 0 24 7.2 216
12 33 1444 0 24 1 40
13 33 1441 0 24 1 40
14 33 605 0 24 1 30
15 33 1443 0 24 1 40
16 33 508 0 24 7.2 216
17 33 1472 0 528 7.2 288
18 33 1474 0 528 7.2 288
19 33 1473 0 528 7.2 288
20 33 623 0 528 7.2 216
21 33 624 0 528 7.2 216
22 33 1471 0 528 7.2 288
23 33 1367 0 528 12.8 256
24 33 1476 0 528 7.2 288
25 33 1477 0 528 7.2 288
26 33 1478 0 528 7.2 288
27 33 1479 0 528 7.2 288
28 33 1480 0 528 7.2 288
29 33 1475 0 528 7.2 288
30 33 1470 0 528 7.2 288
31 33 377 0 24 1 30
32 33 490 0 24 1 30
33 33 1367 0 24 8 160
34 33 491 0 24 1 30
35 33 378 0 24 1 30
36 33 315 0 24 1 30
37 33 379 0 24 1 30
38 33 1164 0 24 7.2 288
39 33 316 0 24 1 30
40 33 1165 0 24 7.2 288
41 33 492 0 24 1 30
42 33 1592 0 24 7.2 288
43 33 1593 0 24 7.2 288
44 33 1547 0 24 1 30
45 33 1367 0 24 4.6 92
46 33 1545 0 24 1 30
47 33 1546 0 24 1 30
48 33 1544 0 24 1 30
49 33 1367 0 432 4.6 92
50 21 1164 0 168 7.2 288
51 21 1417 0 168 7.2 288
52 7 1813 0 72 7.2 72
53 7 1814 0 72 7.2 72
54 7 1815 0 72 7.2 72
55 7 1816 0 72 7.2 72
56 7 1818 0 72 7.2 72
57 7 1819 0 72 7.2 72
58 7 1820 0 72 7.2 72
59 7 1817 0 72 7.2 72
60 24 44 0 168 3 60
61 24 87 0 168 7.2 144
62 33 645 0 72 7.2 216
63 33 622 0 168 1.3 39
64 33 622 0 168 0.3 9
65 26 716 0 120 7 210
66 26 722 0 264 7 210
67 26 630 0 312 8.5 255
68 25 1634 0 264 12.8 384
69 25 1636 0 264 12.8 384
70 19 1714 0 432 14.5 145
71 19 1714 0 432 14.5 145
72 28 471 0 72 12.8 512
73 26 648 0 120 12.8 384
74 26 648 0 120 12.8 384
75 26 780 0 264 6.4 192
76 26 780 0 264 12.8 384
77 31 1190 0 648 4.5 135
78 31 1190 0 648 4.5 135
79 7 1775 0 72 7.2 216
80 7 1787 0 72 7.2 216
81 7 1789 0 72 7.2 216
82 7 1790 0 72 7.2 216
83 7 1783 0 72 7.2 144
84 13 102 0 216 1.5 30
85 13 102 0 216 1.5 30
86 19 1367 0 360 2 40
87 19 1367 0 360 2 40
88 42 1272 0 72 6.4 64
89 43 634 0 24 6.4 64
90 44 670 0 24 6.4 64
91 41 239 0 24 6.4 64
92 40 613 0 48 6.4 64
93 19 1367 0 360 8 160
94 19 1367 0 360 8 160
95 19 1367 0 360 8 160
96 6 1853 0 288 7.2 216
97 4 1772 0 144 0.8 24
98 33 469 0 72 2 60
99 33 485 0 72 2 60
100 33 370 0 72 2 40
101 33 486 0 24 1 40
102 33 494 0 24 1 30
103 33 495 0 24 2 80
104 20 517 0 648 7.2 216
105 20 518 0 648 7.2 216
106 20 519 0 648 7.2 216
107 20 338 0 648 7.2 216
108 45 1367 0 72 6.4 128
109 26 664 0 168 7.2 288
110 26 1312 0 168 7.2 288
111 26 1313 0 168 7.2 288
112 26 991 0 168 7.2 144
113 26 992 0 168 7.2 144
114 26 991 0 168 7.2 144
115 26 992 0 168 7.2 144
116 26 788 0 168 7.2 144
117 26 797 0 168 7.2 144
118 26 881 0 168 7.2 144
119 26 790 0 168 7.2 144
120 26 665 0 168 7.2 216
121 26 666 0 168 7.2 216
122 26 667 0 168 7.2 216
123 26 668 0 168 7.2 216
124 30 1514 0 72 7.2 288
125 25 655 0 168 7.2 216
126 30 889 0 168 7.2 216
127 30 890 0 168 7.2 216
128 30 891 0 168 7.2 216
129 30 1490 0 288 7.2 216
130 33 1514 0 0 7.2 288
131 33 1515 0 0 7.2 288
132 33 1516 0 0 7.2 288
133 33 1517 0 0 7.2 288
134 33 1518 0 0 7.2 288
135 33 1519 0 0 7.2 288
136 31 1231 0 432 6.4 192
137 31 1231 0 432 6.4 192
138 33 1606 0 24 0.6 18
139 33 1607 0 24 0.6 18
140 33 462 0 24 1 30
141 21 1704 0 216 7.2 144
142 21 1704 0 216 7.2 144
143 21 1704 0 216 7.2 144
144 21 1704 0 216 7.2 144
145 21 1704 0 216 7.2 144
146 5 1873 0 48 7.2 72
147 30 949 0 72 7.2 72
148 47 531 0 72 7.2 72
149 20 1165 0 168 7.2 288
150 21 1412 24 192 7.2 288
151 21 1412 24 192 7.2 288
152 21 1164 24 192 7.2 288
153 21 1165 24 192 7.2 288
154 21 611 24 192 7.2 288
155 21 1413 24 192 7.2 288
156 21 1592 24 192 7.2 288
157 21 1592 24 192 7.2 288
158 20 1367 24 456 8 160
159 20 788 24 456 2 60
160 20 793 24 456 2 60
161 20 1104 24 312 2 60
162 20 1075 24 312 2 60
163 20 617 24 312 4 120
164 20 1140 24 312 4 120
165 2 1367 24 72 7 140
166 2 1367 24 144 6.4 128
167 3 1367 24 72 6.4 128
168 2 612 24 96 3 120
169 7 1823 24 96 7.2 72
170 7 1812 24 96 7.2 72
171 7 1822 24 96 7.2 72
172 7 1824 24 96 7.2 72
173 12 149 24 240 0.8 24
174 22 815 24 192 2 80
175 22 825 24 192 2 80
176 22 802 24 336 2 60
177 22 549 24 456 0.5 10
178 22 552 24 336 0.8 32
179 22 605 24 96 2 60
180 33 1595 24 192 7.2 216
181 33 1594 24 192 7.2 216
182 33 1596 24 192 7.2 216
183 26 739 24 288 7 210
184 25 1635 24 288 12.8 384
185 27 1592 24 312 12.8 512
186 27 611 24 192 6.4 256
187 27 611 24 192 12.8 512
188 27 1592 24 192 6.4 256
189 27 1592 24 192 12.8 512
190 27 1593 24 192 6.4 256
191 27 1593 24 192 12.8 512
192 27 1592 24 312 4 160
193 27 1592 24 96 12.8 512
194 27 612 24 192 4 160
195 28 325 24 336 6.4 192
196 28 325 24 336 6.4 192
197 29 641 24 312 6.4 192
198 29 641 24 312 6.4 192
199 28 326 24 168 6.4 192
200 28 326 24 168 12.8 384
201 27 1559 24 192 4 120
202 27 1559 24 192 4 120
203 27 1560 24 192 4 120
204 27 1560 24 192 4 120
205 27 1593 24 96 6.4 256
206 27 1593 24 96 12.8 512
207 27 1592 24 96 1 40
208 27 1592 24 96 16 640
209 27 1592 24 96 12.8 512
210 27 1593 24 96 12.8 512
211 27 1593 24 96 5.7 228
212 27 1592 24 192 6.4 256
213 27 1592 24 192 6.4 256
214 27 1593 24 312 6.4 256
215 27 1593 24 312 6.4 256
216 27 605 24 96 4 120
217 27 605 24 96 6.4 192
218 27 605 24 96 6.4 192
219 26 783 24 288 6.4 192
220 26 783 24 288 25.6 768
221 1 1802 24 888 0.6 12
222 1 1803 24 888 0.6 12
223 1 1804 24 888 0.6 12
224 42 787 24 96 6.4 64
225 41 239 24 48 6.4 64
226 40 613 24 72 6.4 64
227 37 531 24 96 6.4 64
228 1 1798 24 888 7.2 72
229 28 508 24 192 4 120
230 28 508 24 192 16 480
231 6 1840 24 168 7.2 216
232 45 1367 24 96 6.4 128
233 30 1514 24 192 7.2 288
234 30 1515 24 192 7.2 288
235 30 1515 24 96 7.2 288
236 30 1517 24 96 7.2 288
237 25 1314 24 192 7.2 288
238 25 1315 24 192 7.2 288
239 25 662 24 192 7.2 288
240 25 658 24 192 7.2 216
241 30 1491 24 312 7.2 216
242 33 867 24 120 7.2 144
243 33 869 24 120 7.2 144
244 33 868 24 120 7.2 144
245 33 912 24 120 7.2 216
246 33 423 24 120 7.2 216
247 31 420 24 192 6.4 192
248 31 420 24 192 6.4 192
249 31 421 24 192 6.4 192
250 31 421 24 192 6.4 192
251 31 580 24 240 6.4 256
252 31 580 24 240 6.4 256
253 31 1684 24 240 6.4 256
254 31 1684 24 240 6.4 256
255 22 486 24 240 7.2 288
256 22 494 24 240 7.2 216
257 22 487 24 240 7.2 216
258 22 488 24 240 7.2 216
259 17 113 24 168 7.2 72
260 18 113 24 168 7.2 72
261 16 113 24 168 7.2 72
262 11 113 24 168 7.2 72
263 12 113 24 168 7.2 72
264 14 113 24 168 7.2 72
265 15 113 24 168 7.2 72
266 29 1367 24 96 7.2 144
267 29 1367 24 96 7.2 144
268 29 1367 24 96 7.2 144
269 21 1707 24 192 7.2 144
270 21 1707 24 192 7.2 144
271 21 1430 24 192 7.2 144
272 21 1430 24 192 7.2 144
273 21 1704 24 240 7.2 144
274 6 1828 24 168 7.2 216
275 5 1873 24 72 7.2 72
276 47 531 24 96 7.2 72
277 2 1367 24 72 7.2 144
278 34 1692 48 120 7.2 288
279 34 1693 48 120 7.2 288
280 34 1696 48 120 7.2 288
281 34 1695 48 120 7.2 288
282 34 1694 48 120 7.2 288
283 34 1694 48 120 7.2 288
284 33 605 48 72 7.2 216
285 33 478 48 72 1 30
286 33 604 48 72 1 30
287 33 1442 48 72 1 40
288 33 462 48 72 1 30
289 33 471 48 72 1 40
290 33 1367 48 72 12.8 256
291 33 493 48 72 7.2 288
292 33 604 48 72 7.2 216
293 33 1444 48 72 1 40
294 33 1441 48 72 1 40
295 33 605 48 72 1 30
296 33 1443 48 72 1 40
297 33 508 48 72 7.2 216
298 33 377 48 72 1 30
299 33 490 48 72 1 30
300 33 1367 48 72 8 160
301 33 491 48 72 1 30
302 33 378 48 72 1 30
303 33 315 48 72 1 30
304 33 379 48 72 1 30
305 33 1164 48 72 7.2 288
306 33 316 48 72 1 30
307 33 1165 48 72 7.2 288
308 33 492 48 72 1 30
309 33 1592 48 72 7.2 288
310 33 1593 48 72 7.2 288
311 33 1547 48 72 1 30
312 33 1367 48 72 4.6 92
313 33 1545 48 72 1 30
314 33 1546 48 72 1 30
315 33 1544 48 72 1 30
316 24 91 48 384 4 80
317 24 90 48 384 4 80
318 21 1405 48 216 7.2 288
319 21 612 48 216 7.2 288
320 21 1093 48 216 7.2 288
321 20 1093 48 216 1 40
322 20 1093 48 192 0.8 32
323 2 1367 48 480 2.5 50
324 2 1367 48 480 3 60
325 2 1367 48 96 6.4 128
326 2 1367 48 96 7 140
327 22 1212 48 264 4 160
328 22 1221 48 264 6 240
329 22 1213 48 264 4 160
330 33 1455 48 120 2 40
331 29 372 48 216 6.4 256
332 29 372 48 216 6.4 256
333 28 379 48 696 8 240
334 25 1630 48 168 12.8 384
335 20 1093 48 216 2 80
336 20 1093 48 120 4 160
337 27 611 48 120 12 480
338 27 611 48 120 12.8 512
339 27 611 48 120 12.8 512
340 27 611 48 120 8 320
341 27 611 48 120 4.6 184
342 29 643 48 408 6.4 192
343 29 643 48 408 6.4 192
344 29 644 48 336 6.4 192
345 29 644 48 336 6.4 192
346 29 645 48 408 6.4 192
347 29 645 48 408 6.4 192
348 31 1173 48 216 16 640
349 7 1807 48 120 7.2 72
350 7 1810 48 120 7.2 72
351 7 1808 48 120 7.2 72
352 7 1806 48 120 7.2 72
353 7 1807 48 120 7.2 72
354 7 1806 48 120 7.2 72
355 7 1809 48 120 7.2 72
356 7 1766 48 120 7.2 144
357 7 1776 48 120 7.2 144
358 43 634 48 72 6.4 64
359 44 670 48 72 6.4 64
360 44 670 48 72 6.4 64
361 36 1456 48 72 6.4 64
362 36 1456 48 72 6.4 64
363 39 489 48 120 6.4 64
364 39 489 48 120 6.4 64
365 39 489 48 120 6.4 64
366 39 489 48 120 6.4 64
367 39 489 48 120 6.4 64
368 38 1367 48 120 6.4 128
369 38 1367 48 120 6.4 128
370 37 531 48 120 6.4 64
371 37 531 48 120 6.4 64
372 37 531 48 120 6.4 64
373 37 531 48 120 6.4 64
374 10 153 48 480 7.2 144
375 4 1765 48 144 7.2 216
376 24 48 48 216 1 20
377 4 1764 48 144 7.2 216
378 33 486 48 72 1 40
379 33 494 48 72 1 30
380 33 495 48 72 2 80
381 4 1834 48 144 7.2 216
382 4 1846 48 144 7.2 216
383 45 1367 48 120 6.4 128
384 30 1518 48 216 7.2 288
385 4 1844 48 144 7.2 216
386 33 1514 48 48 7.2 288
387 33 1515 48 48 7.2 288
388 33 1516 48 48 7.2 288
389 33 1517 48 48 7.2 288
390 33 1518 48 48 7.2 288
391 33 1519 48 48 7.2 288
392 4 1836 48 144 7.2 216
393 31 1713 48 480 6.4 192
394 31 1713 48 480 6.4 192
395 22 669 48 264 7.2 216
396 22 1312 48 264 7.2 288
397 22 1313 48 264 7.2 288
398 22 1314 48 264 7.2 216
399 22 662 48 264 7.2 288
400 22 879 48 264 7.2 288
401 22 881 48 264 7.2 288
402 22 790 48 264 7.2 216
403 22 797 48 264 7.2 216
404 22 1214 48 264 7.2 216
405 22 1034 48 264 7.2 288
406 22 1032 48 264 7.2 216
407 22 1209 48 264 7.2 216
408 22 1206 48 264 7.2 216
409 22 1227 48 264 7.2 288
410 22 948 48 264 7.2 216
411 22 886 48 264 7.2 288
412 22 1610 48 264 7.2 216
413 33 1606 48 72 0.6 18
414 33 1607 48 72 0.6 18
415 33 462 48 72 1 30
416 21 1430 48 216 7.2 144
417 21 1430 48 216 7.2 144
418 21 1398 48 216 7.2 216
419 21 1398 48 216 7.2 216
420 21 1398 48 216 7.2 216
421 21 1398 48 216 7.2 216
422 29 289 48 216 7.2 288
423 5 1873 48 96 7.2 72
424 47 531 48 120 7.2 72
425 35 1792 72 192 7.8 156
426 8 1875 72 144 7.2 72
427 34 1695 72 144 7.2 288
428 33 771 72 144 1 30
429 33 767 72 144 1 30
430 33 759 72 144 1 30
431 33 773 72 144 1 30
432 33 761 72 144 1 30
433 33 762 72 144 1 30
434 33 763 72 144 1 30
435 33 766 72 144 1 30
436 33 768 72 144 1 30
437 33 770 72 144 1 30
438 33 774 72 144 1 30
439 33 772 72 144 1 30
440 33 764 72 144 1 30
441 33 1367 72 144 8 160
442 33 769 72 144 1 30
443 33 777 72 144 1 30
444 33 782 72 144 1 30
445 33 760 72 144 1 30
446 33 776 72 144 1 30
447 33 780 72 144 1 30
448 33 778 72 144 1 30
449 33 786 72 144 1 40
450 33 779 72 144 1 30
451 33 781 72 144 1 30
452 33 765 72 144 1 30
453 33 783 72 144 1 30
454 33 784 72 144 1 30
455 33 785 72 144 1 40
456 33 775 72 144 1 30
457 33 771 72 144 1 30
458 33 767 72 144 1 30
459 33 759 72 144 1 30
460 33 773 72 144 1 30
461 33 761 72 144 1 30
462 33 762 72 144 1 30
463 33 763 72 144 1 30
464 33 766 72 144 1 30
465 33 768 72 144 1 30
466 33 770 72 144 1 30
467 33 774 72 144 1 30
468 33 772 72 144 1 30
469 33 764 72 144 1 30
470 33 1367 72 144 8 160
471 33 769 72 144 1 30
472 33 777 72 144 1 30
473 33 782 72 144 1 30
474 33 760 72 144 1 30
475 33 776 72 144 1 30
476 33 780 72 144 1 30
477 33 778 72 144 1 30
478 33 786 72 144 1 40
479 33 779 72 144 1 30
480 33 781 72 144 1 30
481 33 765 72 144 1 30
482 33 783 72 144 1 30
483 33 784 72 144 1 30
484 33 785 72 144 1 40
485 33 775 72 144 1 30
486 33 1298 72 144 7.2 216
487 33 1307 72 144 7.2 216
488 33 1367 72 144 8 160
489 33 1303 72 144 7.2 216
490 33 1300 72 144 7.2 216
491 33 1294 72 144 7.2 216
492 33 1295 72 144 7.2 216
493 33 1296 72 144 7.2 216
494 33 1297 72 144 7.2 216
495 33 1293 72 144 7.2 216
496 33 1304 72 144 7.2 216
497 33 1306 72 144 7.2 216
498 33 1308 72 144 7.2 216
499 33 1302 72 144 7.2 216
500 33 1301 72 144 7.2 216
501 33 1299 72 144 7.2 216
502 33 1305 72 144 7.2 216
503 33 685 72 144 7.2 144
504 33 684 72 144 7.2 144
505 33 1367 72 144 8 160
506 33 683 72 144 7.2 144
507 33 691 72 144 7.2 144
508 33 690 72 144 7.2 144
509 33 689 72 144 7.2 144
510 33 688 72 144 7.2 144
511 33 686 72 144 7.2 144
512 33 694 72 144 7.2 144
513 33 1561 72 144 7.2 216
514 33 687 72 144 7.2 144
515 33 695 72 144 7.2 144
516 33 1562 72 144 7.2 216
517 33 1560 72 144 7.2 216
518 33 1559 72 144 7.2 216
519 33 1558 72 144 7.2 216
520 33 700 72 144 7.2 144
521 33 699 72 144 7.2 144
522 33 698 72 144 7.2 144
523 33 697 72 144 7.2 144
524 33 696 72 144 7.2 144
525 33 693 72 144 7.2 144
526 33 692 72 144 7.2 144
527 33 1454 72 144 7.2 216
528 33 1367 72 144 3.3 66
529 33 1452 72 144 7.2 216
530 33 1455 72 144 7.2 144
531 33 1451 72 144 7.2 144
532 33 1453 72 144 7.2 216
533 21 1367 72 240 7.2 144
534 21 1031 72 216 7.2 288
535 21 1031 72 216 7.2 288
536 21 1367 72 240 7.2 144
537 21 1165 72 240 7.2 288
538 2 1367 72 192 7 140
539 2 611 72 144 3 120
540 7 1811 72 144 7.2 72
541 7 1821 72 144 7.2 72
542 7 1826 72 144 7.2 72
543 22 539 72 504 0.5 20
544 22 1407 72 504 6 240
545 22 1420 72 720 6 180
546 33 325 72 240 0.8 24
547 28 466 72 216 12.8 384
548 28 466 72 216 12.8 384
549 29 309 72 240 6.4 256
550 29 309 72 240 6.4 256
551 29 310 72 240 6.4 256
552 29 310 72 240 6.4 256
553 25 251 72 720 6.4 192
554 25 251 72 720 12.8 384
555 26 1213 72 240 4 160
556 29 615 72 240 12 360
557 29 646 72 432 6.4 192
558 29 646 72 432 6.4 192
559 29 647 72 432 6.4 192
560 29 647 72 432 6.4 192
561 29 649 72 432 6.4 192
562 29 649 72 432 6.4 192
563 31 1177 72 240 8 240
564 31 1177 72 240 8 240
565 32 288 72 144 7.2 72
566 7 165 72 144 7.2 144
567 7 1810 72 144 7.2 72
568 13 107 72 288 1.5 30
569 13 107 72 288 1.5 30
570 14 128 72 288 3.7 74
571 9 1 72 144 7.2 72
572 9 2 72 144 7.2 144
573 9 3 72 144 7.2 144
574 42 1254 72 144 6.4 64
575 42 787 72 144 6.4 64
576 43 634 72 120 6.4 64
577 41 239 72 96 6.4 64
578 38 1367 72 144 6.4 128
579 6 1852 72 960 7.2 216
580 24 47 72 240 1 20
581 28 494 72 720 6.6 198
582 28 494 72 720 4.2 126
583 33 410 72 240 1 10
584 33 1367 72 240 7.2 144
585 24 97 72 2232 16 640
586 45 1367 72 144 6.4 128
587 26 1230 72 240 7.2 288
588 30 1519 72 240 7.2 288
589 30 1516 72 144 7.2 288
590 25 657 72 240 7.2 288
591 25 882 72 240 7.2 216
592 27 611 72 240 7.2 288
593 30 893 72 240 7.2 216
594 30 1014 72 288 7.2 216
595 23 1726 72 384 7.2 288
596 27 605 72 360 7.2 216
597 46 1532 72 192 7.2 72
598 21 1400 72 240 7.2 288
599 47 531 72 144 7.2 72
600 29 1106 96 264 12 480

1 1 1 2232
2 2 2 2232
3 2 2 2232
4 2 2 2232
5 3 1 2232
6 4 1 2232
7 4 1 2232
8 5 1 2232
9 6 1 2232
10 6 1 2232
11 7 1 2232
12 7 1 2232
13 7 1 2232
14 7 1 2232
15 7 1 2232
16 7 1 2232
17 7 1 2232
18 7 1 2232
19 7 1 2232
20 8 2 2232
21 9 1 2232
22 10 2 2232
23 11 2 2232
24 12 2 2232
25 13 1 2232
26 14 2 2232
27 15 1 2232
28 16 2 2232
29 17 2 2232
30 18 2 2232
31 19 2 2232
32 19 2 2232
33 19 2 2232
34 20 1 2232
35 20 1 2232
36 20 1 2232
37 21 1 2232
38 21 1 2232
39 21 1 2232
40 21 1 2232
41 21 1 2232
42 21 1 2232
43 21 1 2232
44 21 1 2232
45 21 1 2232
46 21 1 2232
47 22 2 2232
48 22 2 2232
49 22 2 2232
50 22 2 2232
51 22 2 2232
52 22 2 2232
53 22 2 2232
54 22 2 2232
55 23 1 2232
56 24 2 2232
57 24 2 2232
58 25 2 2232
59 25 2 2232
60 25 2 2232
61 25 2 2232
62 25 2 2232
63 26 1 2232
64 26 1 2232
65 26 1 2232
66 26 1 2232
67 26 1 2232
68 26 1 2232
69 26 1 2232
70 26 1 2232
71 26 1 2232
72 27 1 2232
73 27 1 2232
74 27 1 2232
75 27 1 2232
76 27 1 2232
77 27 1 2232
78 27 1 2232
79 27 1 2232
80 27 1 2232
81 27 1 2232
82 27 1 2232
83 27 1 2232
84 28 1 2232
85 28 1 2232
86 28 1 2232
87 28 1 2232
88 28 1 2232
89 29 2 2232
90 29 2 2232
91 29 2 2232
92 29 2 2232
93 29 2 2232
94 29 2 2232
95 29 2 2232
96 29 2 2232
97 30 2 2232
98 30 2 2232
99 30 2 2232
100 30 2 2232
101 30 2 2232
102 31 2 2232
103 31 2 2232
104 31 2 2232
105 31 2 2232
106 31 2 2232
107 32 1 2232
108 33 2 2232
109 33 2 2232
110 33 2 2232
111 33 2 2232
112 33 2 2232
113 33 2 2232
114 33 2 2232
115 33 2 2232
116 33 2 2232
117 33 2 2232
118 33 2 2232
119 33 2 2232
120 33 2 2232
121 33 2 2232
122 33 2 2232
123 33 2 2232
124 33 2 2232
125 33 2 2232
126 33 2 2232
127 33 2 2232
128 33 2 2232
129 33 2 2232
130 33 2 2232
131 33 2 2232
132 33 2 2232
133 33 2 2232
134 33 2 2232
135 33 2 2232
136 33 2 2232
137 33 2 2232
138 33 2 2232
139 33 2 2232
140 33 2 2232
141 33 2 2232
142 33 2 2232
143 33 2 2232
144 33 2 2232
145 34 1 2232
146 34 1 2232
147 34 1 2232
148 35 2 2232
149 36 1 2232
150 37 1 2232
151 37 1 2232
152 38 2 2232
153 39 1 2232
154 39 1 2232
155 40 1 2232
156 41 2 2232
157 42 2 2232
158 42 2 2232
159 43 1 2232
160 44 1 2232
161 45 1 2232
162 45 1 2232
163 46 2 2232
164 47 1 2232
165 47 1 2232
