# COELHO'S SOLUTION (D.V. VALUES) — theta=0, no degradation
# Instance 17 — LTPMSP_05_00600_00126_00279.txt
# Objective value: 408.0000   Gap: 0.0000%   Status: OPTIMAL
# Runtime: 0.50 s
# Q=279 N=600 M=126 BIG_M=1632.0
#
# --- y[i]: job internally-scheduled indicator ---
y 0 1
y 1 1
y 2 1
y 3 1
y 4 1
y 5 1
y 6 1
y 7 1
y 8 1
y 9 1
y 10 1
y 11 1
y 12 1
y 13 1
y 14 1
y 15 1
y 16 1
y 17 1
y 18 1
y 19 1
y 20 1
y 21 1
y 22 1
y 23 1
y 24 1
y 25 1
y 26 1
y 27 1
y 28 1
y 29 1
y 30 1
y 31 1
y 32 1
y 33 1
y 34 1
y 35 1
y 36 1
y 37 1
y 38 1
y 39 1
y 40 1
y 41 1
y 42 1
y 43 1
y 44 1
y 45 1
y 46 1
y 47 1
y 48 1
y 49 1
y 50 1
y 51 1
y 52 1
y 53 1
y 54 1
y 55 1
y 56 1
y 57 1
y 58 1
y 59 1
y 60 1
y 61 1
y 62 1
y 63 1
y 64 1
y 65 1
y 66 1
y 67 1
y 68 1
y 69 1
y 70 1
y 71 1
y 72 1
y 73 1
y 74 1
y 75 1
y 76 1
y 77 1
y 78 1
y 79 1
y 80 1
y 81 1
y 82 1
y 83 1
y 84 1
y 85 1
y 86 1
y 87 1
y 88 1
y 89 1
y 90 1
y 91 1
y 92 1
y 93 1
y 94 1
y 95 1
y 96 1
y 97 1
y 98 1
y 99 1
y 100 1
y 101 1
y 102 1
y 103 1
y 104 1
y 105 1
y 106 1
y 107 1
y 108 1
y 109 1
y 110 1
y 111 1
y 112 1
y 113 1
y 114 1
y 115 1
y 116 1
y 117 1
y 118 1
y 119 1
y 120 1
y 121 1
y 122 1
y 123 1
y 124 1
y 125 1
y 126 1
y 127 1
y 128 1
y 129 1
y 130 1
y 131 1
y 132 1
y 133 1
y 134 1
y 135 1
y 136 1
y 137 1
y 138 1
y 139 1
y 140 1
y 141 1
y 142 1
y 143 1
y 144 1
y 145 1
y 146 1
y 147 1
y 148 1
y 149 1
y 150 1
y 151 1
y 152 1
y 153 1
y 154 1
y 155 1
y 156 1
y 157 1
y 158 1
y 159 1
y 160 1
y 161 1
y 162 1
y 163 1
y 164 1
y 165 1
y 166 1
y 167 1
y 168 1
y 169 1
y 170 1
y 171 1
y 172 1
y 173 1
y 174 1
y 175 1
y 176 1
y 177 1
y 178 1
y 179 1
y 180 1
y 181 1
y 182 1
y 183 1
y 184 1
y 185 1
y 186 1
y 187 1
y 188 1
y 189 1
y 190 1
y 191 1
y 192 1
y 193 1
y 194 1
y 195 1
y 196 1
y 197 1
y 198 1
y 199 1
y 200 1
y 201 1
y 202 1
y 203 1
y 204 1
y 205 1
y 206 1
y 207 1
y 208 1
y 209 1
y 210 1
y 211 1
y 212 1
y 213 1
y 214 1
y 215 1
y 216 1
y 217 1
y 218 1
y 219 1
y 220 1
y 221 1
y 222 1
y 223 1
y 224 1
y 225 1
y 226 1
y 227 1
y 228 1
y 229 1
y 230 1
y 231 1
y 232 1
y 233 1
y 234 1
y 235 1
y 236 1
y 237 1
y 238 1
y 239 1
y 240 1
y 241 1
y 242 1
y 243 1
y 244 1
y 245 1
y 246 1
y 247 1
y 248 1
y 249 1
y 250 1
y 251 1
y 252 1
y 253 1
y 254 1
y 255 1
y 256 1
y 257 1
y 258 1
y 259 1
y 260 1
y 261 1
y 262 1
y 263 1
y 264 1
y 265 1
y 266 1
y 267 1
y 268 1
y 269 1
y 270 1
y 271 1
y 272 1
y 273 1
y 274 1
y 275 1
y 276 1
y 277 1
y 278 1
y 279 1
y 280 1
y 281 1
y 282 1
y 283 1
y 284 1
y 285 1
y 286 1
y 287 1
y 288 1
y 289 1
y 290 1
y 291 1
y 292 1
y 293 1
y 294 1
y 295 1
y 296 1
y 297 1
y 298 1
y 299 1
y 300 1
y 301 1
y 302 1
y 303 1
y 304 1
y 305 1
y 306 1
y 307 1
y 308 1
y 309 1
y 310 1
y 311 1
y 312 1
y 313 1
y 314 1
y 315 1
y 316 1
y 317 1
y 318 1
y 319 1
y 320 1
y 321 1
y 322 1
y 323 1
y 324 1
y 325 1
y 326 1
y 327 1
y 328 1
y 329 1
y 330 1
y 331 1
y 332 1
y 333 1
y 334 1
y 335 1
y 336 1
y 337 1
y 338 1
y 339 1
y 340 1
y 341 1
y 342 1
y 343 1
y 344 1
y 345 1
y 346 1
y 347 1
y 348 1
y 349 1
y 350 1
y 351 1
y 352 1
y 353 1
y 354 1
y 355 1
y 356 1
y 357 1
y 358 1
y 359 1
y 360 1
y 361 1
y 362 1
y 363 1
y 364 1
y 365 1
y 366 1
y 367 1
y 368 1
y 369 1
y 370 1
y 371 1
y 372 1
y 373 1
y 374 1
y 375 1
y 376 1
y 377 1
y 378 1
y 379 1
y 380 1
y 381 1
y 382 1
y 383 1
y 384 1
y 385 1
y 386 1
y 387 1
y 388 1
y 389 1
y 390 1
y 391 1
y 392 1
y 393 1
y 394 1
y 395 1
y 396 1
y 397 1
y 398 1
y 399 1
y 400 1
y 401 1
y 402 1
y 403 1
y 404 1
y 405 1
y 406 1
y 407 1
y 408 1
y 409 1
y 410 1
y 411 1
y 412 1
y 413 1
y 414 1
y 415 1
y 416 1
y 417 1
y 418 1
y 419 1
y 420 1
y 421 1
y 422 1
y 423 1
y 424 1
y 425 1
y 426 1
y 427 1
y 428 1
y 429 1
y 430 1
y 431 1
y 432 1
y 433 1
y 434 1
y 435 1
y 436 1
y 437 1
y 438 1
y 439 1
y 440 1
y 441 1
y 442 1
y 443 1
y 444 1
y 445 1
y 446 0
y 447 1
y 448 1
y 449 1
y 450 1
y 451 1
y 452 1
y 453 1
y 454 1
y 455 1
y 456 1
y 457 1
y 458 1
y 459 1
y 460 1
y 461 1
y 462 1
y 463 1
y 464 1
y 465 1
y 466 1
y 467 1
y 468 1
y 469 1
y 470 1
y 471 1
y 472 1
y 473 1
y 474 1
y 475 1
y 476 1
y 477 1
y 478 1
y 479 1
y 480 1
y 481 1
y 482 1
y 483 1
y 484 1
y 485 1
y 486 1
y 487 0
y 488 1
y 489 1
y 490 1
y 491 1
y 492 1
y 493 1
y 494 1
y 495 1
y 496 1
y 497 1
y 498 1
y 499 1
y 500 1
y 501 1
y 502 1
y 503 1
y 504 1
y 505 1
y 506 1
y 507 1
y 508 1
y 509 1
y 510 1
y 511 1
y 512 1
y 513 1
y 514 1
y 515 1
y 516 1
y 517 1
y 518 1
y 519 1
y 520 1
y 521 1
y 522 1
y 523 1
y 524 1
y 525 1
y 526 1
y 527 1
y 528 1
y 529 1
y 530 1
y 531 1
y 532 1
y 533 1
y 534 1
y 535 1
y 536 1
y 537 1
y 538 1
y 539 1
y 540 1
y 541 1
y 542 1
y 543 1
y 544 1
y 545 1
y 546 1
y 547 1
y 548 1
y 549 1
y 550 1
y 551 1
y 552 1
y 553 1
y 554 1
y 555 1
y 556 1
y 557 1
y 558 1
y 559 1
y 560 1
y 561 1
y 562 1
y 563 1
y 564 1
y 565 1
y 566 1
y 567 1
y 568 1
y 569 1
y 570 1
y 571 1
y 572 1
y 573 1
y 574 1
y 575 1
y 576 1
y 577 1
y 578 1
y 579 1
y 580 1
y 581 1
y 582 1
y 583 1
y 584 1
y 585 1
y 586 1
y 587 1
y 588 1
y 589 1
y 590 1
y 591 1
y 592 1
y 593 1
y 594 1
y 595 1
y 596 1
y 597 1
y 598 1
y 599 1
# --- x[i,k]: job-to-crew assignment (only pairs with x=1 listed) ---
x 0 5 1
x 1 117 1
x 2 83 1
x 3 83 1
x 4 83 1
x 5 83 1
x 6 83 1
x 7 83 1
x 8 83 1
x 9 83 1
x 10 40 1
x 11 40 1
x 12 40 1
x 13 40 1
x 14 94 1
x 15 94 1
x 16 94 1
x 17 78 1
x 18 78 1
x 19 78 1
x 20 78 1
x 21 78 1
x 22 70 1
x 23 70 1
x 24 83 1
x 25 0 1
x 26 0 1
x 27 106 1
x 28 62 1
x 29 62 1
x 30 62 1
x 31 62 1
x 32 98 1
x 33 98 1
x 34 98 1
x 35 98 1
x 36 98 1
x 37 98 1
x 38 98 1
x 39 98 1
x 40 75 1
x 41 75 1
x 42 98 1
x 43 98 1
x 44 62 1
x 45 62 1
x 46 62 1
x 47 62 1
x 48 50 1
x 49 124 1
x 50 124 1
x 51 83 1
x 52 106 1
x 53 124 1
x 54 124 1
x 55 2 1
x 56 2 1
x 57 81 1
x 58 46 1
x 59 20 1
x 60 20 1
x 61 12 1
x 62 13 1
x 63 14 1
x 64 15 1
x 65 16 1
x 66 17 1
x 67 18 1
x 68 21 1
x 69 22 1
x 70 24 1
x 71 25 1
x 72 26 1
x 73 83 1
x 74 83 1
x 75 50 1
x 76 57 1
x 77 47 1
x 78 48 1
x 79 48 1
x 80 57 1
x 81 57 1
x 82 48 1
x 83 57 1
x 84 56 1
x 85 58 1
x 86 47 1
x 87 47 1
x 88 2 1
x 89 2 1
x 90 2 1
x 91 2 1
x 92 2 1
x 93 2 1
x 94 2 1
x 95 2 1
x 96 34 1
x 97 53 1
x 98 58 1
x 99 106 1
x 100 8 1
x 101 78 1
x 102 114 1
x 103 11 1
x 104 9 1
x 105 10 1
x 106 105 1
x 107 105 1
x 108 120 1
x 109 120 1
x 110 52 1
x 111 5 1
x 112 5 1
x 113 48 1
x 114 49 1
x 115 8 1
x 116 117 1
x 117 81 1
x 118 122 1
x 119 23 1
x 120 5 1
x 121 5 1
x 122 5 1
x 123 124 1
x 124 30 1
x 125 30 1
x 126 30 1
x 127 30 1
x 128 30 1
x 129 30 1
x 130 30 1
x 131 30 1
x 132 34 1
x 133 30 1
x 134 30 1
x 135 30 1
x 136 30 1
x 137 124 1
x 138 124 1
x 139 117 1
x 140 8 1
x 141 8 1
x 142 83 1
x 143 83 1
x 144 94 1
x 145 50 1
x 146 0 1
x 147 98 1
x 148 98 1
x 149 70 1
x 150 70 1
x 151 70 1
x 152 70 1
x 153 106 1
x 154 106 1
x 155 106 1
x 156 88 1
x 157 88 1
x 158 124 1
x 159 124 1
x 160 111 1
x 161 111 1
x 162 111 1
x 163 111 1
x 164 111 1
x 165 111 1
x 166 111 1
x 167 111 1
x 168 87 1
x 169 42 1
x 170 42 1
x 171 42 1
x 172 87 1
x 173 87 1
x 174 88 1
x 175 88 1
x 176 43 1
x 177 0 1
x 178 124 1
x 179 124 1
x 180 39 1
x 181 43 1
x 182 43 1
x 183 46 1
x 184 30 1
x 185 30 1
x 186 30 1
x 187 34 1
x 188 124 1
x 189 20 1
x 190 20 1
x 191 12 1
x 192 13 1
x 193 14 1
x 194 15 1
x 195 16 1
x 196 17 1
x 197 18 1
x 198 21 1
x 199 22 1
x 200 24 1
x 201 25 1
x 202 26 1
x 203 26 1
x 204 50 1
x 205 47 1
x 206 48 1
x 207 48 1
x 208 57 1
x 209 57 1
x 210 56 1
x 211 56 1
x 212 49 1
x 213 47 1
x 214 53 1
x 215 53 1
x 216 39 1
x 217 124 1
x 218 2 1
x 219 2 1
x 220 30 1
x 221 30 1
x 222 34 1
x 223 35 1
x 224 5 1
x 225 30 1
x 226 30 1
x 227 30 1
x 228 30 1
x 229 78 1
x 230 114 1
x 231 11 1
x 232 9 1
x 233 10 1
x 234 124 1
x 235 120 1
x 236 120 1
x 237 59 1
x 238 0 1
x 239 0 1
x 240 0 1
x 241 0 1
x 242 0 1
x 243 120 1
x 244 111 1
x 245 111 1
x 246 111 1
x 247 111 1
x 248 119 1
x 249 1 1
x 250 59 1
x 251 116 1
x 252 43 1
x 253 46 1
x 254 43 1
x 255 23 1
x 256 44 1
x 257 124 1
x 258 112 1
x 259 29 1
x 260 5 1
x 261 124 1
x 262 8 1
x 263 8 1
x 264 83 1
x 265 83 1
x 266 83 1
x 267 40 1
x 268 41 1
x 269 98 1
x 270 98 1
x 271 50 1
x 272 94 1
x 273 94 1
x 274 94 1
x 275 94 1
x 276 94 1
x 277 94 1
x 278 94 1
x 279 94 1
x 280 94 1
x 281 94 1
x 282 94 1
x 283 94 1
x 284 105 1
x 285 105 1
x 286 105 1
x 287 105 1
x 288 105 1
x 289 105 1
x 290 105 1
x 291 105 1
x 292 98 1
x 293 98 1
x 294 70 1
x 295 70 1
x 296 70 1
x 297 70 1
x 298 111 1
x 299 111 1
x 300 111 1
x 301 111 1
x 302 111 1
x 303 111 1
x 304 83 1
x 305 83 1
x 306 70 1
x 307 70 1
x 308 0 1
x 309 39 1
x 310 39 1
x 311 124 1
x 312 111 1
x 313 111 1
x 314 111 1
x 315 111 1
x 316 111 1
x 317 111 1
x 318 111 1
x 319 111 1
x 320 111 1
x 321 111 1
x 322 87 1
x 323 83 1
x 324 83 1
x 325 87 1
x 326 106 1
x 327 124 1
x 328 20 1
x 329 20 1
x 330 12 1
x 331 13 1
x 332 14 1
x 333 15 1
x 334 16 1
x 335 17 1
x 336 18 1
x 337 21 1
x 338 22 1
x 339 24 1
x 340 25 1
x 341 50 1
x 342 20 1
x 343 20 1
x 344 57 1
x 345 47 1
x 346 48 1
x 347 48 1
x 348 57 1
x 349 57 1
x 350 57 1
x 351 53 1
x 352 53 1
x 353 56 1
x 354 47 1
x 355 47 1
x 356 2 1
x 357 2 1
x 358 78 1
x 359 114 1
x 360 11 1
x 361 9 1
x 362 10 1
x 363 120 1
x 364 5 1
x 365 117 1
x 366 56 1
x 367 111 1
x 368 111 1
x 369 5 1
x 370 112 1
x 371 5 1
x 372 23 1
x 373 81 1
x 374 124 1
x 375 124 1
x 376 39 1
x 377 5 1
x 378 5 1
x 379 83 1
x 380 83 1
x 381 83 1
x 382 83 1
x 383 40 1
x 384 40 1
x 385 40 1
x 386 40 1
x 387 40 1
x 388 41 1
x 389 41 1
x 390 41 1
x 391 105 1
x 392 105 1
x 393 70 1
x 394 70 1
x 395 83 1
x 396 83 1
x 397 83 1
x 398 106 1
x 399 124 1
x 400 111 1
x 401 111 1
x 402 83 1
x 403 83 1
x 404 83 1
x 405 87 1
x 406 43 1
x 407 43 1
x 408 43 1
x 409 0 1
x 410 40 1
x 411 39 1
x 412 39 1
x 413 39 1
x 414 20 1
x 415 20 1
x 416 12 1
x 417 13 1
x 418 14 1
x 419 14 1
x 420 15 1
x 421 17 1
x 422 18 1
x 423 21 1
x 424 22 1
x 425 24 1
x 426 25 1
x 427 50 1
x 428 47 1
x 429 48 1
x 430 48 1
x 431 57 1
x 432 56 1
x 433 56 1
x 434 56 1
x 435 5 1
x 436 47 1
x 437 47 1
x 438 5 1
x 439 2 1
x 440 2 1
x 441 2 1
x 442 34 1
x 443 117 1
x 444 117 1
x 445 83 1
x 447 117 1
x 448 30 1
x 449 112 1
x 450 112 1
x 451 112 1
x 452 112 1
x 453 78 1
x 454 114 1
x 455 5 1
x 456 58 1
x 457 58 1
x 458 11 1
x 459 9 1
x 460 10 1
x 461 124 1
x 462 120 1
x 463 50 1
x 464 50 1
x 465 52 1
x 466 57 1
x 467 30 1
x 468 49 1
x 469 116 1
x 470 116 1
x 471 116 1
x 472 117 1
x 473 81 1
x 474 81 1
x 475 81 1
x 476 81 1
x 477 81 1
x 478 81 1
x 479 46 1
x 480 46 1
x 481 23 1
x 482 117 1
x 483 117 1
x 484 44 1
x 485 124 1
x 486 124 1
x 488 39 1
x 489 39 1
x 490 28 1
x 491 28 1
x 492 28 1
x 493 28 1
x 494 28 1
x 495 5 1
x 496 5 1
x 497 83 1
x 498 83 1
x 499 41 1
x 500 41 1
x 501 41 1
x 502 50 1
x 503 50 1
x 504 50 1
x 505 105 1
x 506 105 1
x 507 105 1
x 508 105 1
x 509 105 1
x 510 105 1
x 511 105 1
x 512 105 1
x 513 0 1
x 514 70 1
x 515 70 1
x 516 75 1
x 517 75 1
x 518 75 1
x 519 98 1
x 520 98 1
x 521 111 1
x 522 111 1
x 523 8 1
x 524 83 1
x 525 83 1
x 526 83 1
x 527 83 1
x 528 106 1
x 529 75 1
x 530 75 1
x 531 83 1
x 532 46 1
x 533 81 1
x 534 81 1
x 535 88 1
x 536 88 1
x 537 88 1
x 538 88 1
x 539 88 1
x 540 88 1
x 541 88 1
x 542 88 1
x 543 39 1
x 544 124 1
x 545 124 1
x 546 124 1
x 547 124 1
x 548 81 1
x 549 5 1
x 550 5 1
x 551 83 1
x 552 41 1
x 553 41 1
x 554 41 1
x 555 62 1
x 556 62 1
x 557 62 1
x 558 62 1
x 559 62 1
x 560 62 1
x 561 62 1
x 562 62 1
x 563 94 1
x 564 94 1
x 565 94 1
x 566 88 1
x 567 98 1
x 568 98 1
x 569 98 1
x 570 98 1
x 571 98 1
x 572 98 1
x 573 98 1
x 574 0 1
x 575 0 1
x 576 0 1
x 577 98 1
x 578 98 1
x 579 98 1
x 580 98 1
x 581 98 1
x 582 98 1
x 583 98 1
x 584 98 1
x 585 83 1
x 586 83 1
x 587 83 1
x 588 83 1
x 589 83 1
x 590 83 1
x 591 83 1
x 592 83 1
x 593 83 1
x 594 83 1
x 595 83 1
x 596 83 1
x 597 83 1
x 598 83 1
x 599 83 1
# --- z[k]: crew activation indicator ---
z 0 1
z 1 1
z 2 1
z 3 0
z 4 0
z 5 1
z 6 0
z 7 0
z 8 1
z 9 1
z 10 1
z 11 1
z 12 1
z 13 1
z 14 1
z 15 1
z 16 1
z 17 1
z 18 1
z 19 0
z 20 1
z 21 1
z 22 1
z 23 1
z 24 1
z 25 1
z 26 1
z 27 0
z 28 1
z 29 1
z 30 1
z 31 0
z 32 0
z 33 0
z 34 1
z 35 1
z 36 0
z 37 0
z 38 0
z 39 1
z 40 1
z 41 1
z 42 1
z 43 1
z 44 1
z 45 0
z 46 1
z 47 1
z 48 1
z 49 1
z 50 1
z 51 0
z 52 1
z 53 1
z 54 0
z 55 0
z 56 1
z 57 1
z 58 1
z 59 1
z 60 0
z 61 0
z 62 1
z 63 0
z 64 0
z 65 0
z 66 0
z 67 0
z 68 0
z 69 0
z 70 1
z 71 0
z 72 0
z 73 0
z 74 0
z 75 1
z 76 0
z 77 0
z 78 1
z 79 0
z 80 0
z 81 1
z 82 0
z 83 1
z 84 0
z 85 0
z 86 0
z 87 1
z 88 1
z 89 0
z 90 0
z 91 0
z 92 0
z 93 0
z 94 1
z 95 0
z 96 0
z 97 0
z 98 1
z 99 0
z 100 0
z 101 0
z 102 0
z 103 0
z 104 0
z 105 1
z 106 1
z 107 0
z 108 0
z 109 0
z 110 0
z 111 1
z 112 1
z 113 0
z 114 1
z 115 0
z 116 1
z 117 1
z 118 0
z 119 1
z 120 1
z 121 0
z 122 1
z 123 0
z 124 1
z 125 0
# --- t[i]: scheduled start time ---
t 0 0.0000
t 1 0.0000
t 2 215.0000
t 3 214.0000
t 4 1.0000
t 5 0.0000
t 6 215.0000
t 7 0.0000
t 8 215.0000
t 9 0.0000
t 10 215.0000
t 11 1.0000
t 12 0.0000
t 13 0.0000
t 14 13.6000
t 15 18.0000
t 16 0.0000
t 17 0.0000
t 18 0.0000
t 19 0.0000
t 20 0.0000
t 21 0.0000
t 22 224.0000
t 23 0.0000
t 24 0.0000
t 25 186.9000
t 26 359.0000
t 27 116.0000
t 28 8.0000
t 29 0.0000
t 30 0.0000
t 31 0.0000
t 32 164.8000
t 33 0.0000
t 34 164.8000
t 35 0.0000
t 36 164.8000
t 37 0.0000
t 38 0.0000
t 39 161.6000
t 40 161.6000
t 41 0.0000
t 42 68.8000
t 43 0.0000
t 44 16.0000
t 45 0.0000
t 46 160.0000
t 47 0.0000
t 48 0.0000
t 49 0.0000
t 50 69.0000
t 51 0.0000
t 52 42.4000
t 53 0.0000
t 54 48.0001
t 55 0.0000
t 56 0.0000
t 57 0.0000
t 58 0.0000
t 59 39.6000
t 60 50.0000
t 61 17.6000
t 62 0.0000
t 63 0.0000
t 64 0.0000
t 65 65.6000
t 66 52.8000
t 67 0.0000
t 68 23.2000
t 69 65.6000
t 70 65.6000
t 71 0.0000
t 72 12.8000
t 73 0.0000
t 74 0.0000
t 75 70.4000
t 76 0.0000
t 77 71.0000
t 78 46.0000
t 79 0.0000
t 80 62.8000
t 81 61.8000
t 82 0.0000
t 83 0.0000
t 84 144.0001
t 85 0.0000
t 86 70.4000
t 87 70.7000
t 88 0.0000
t 89 0.0000
t 90 0.0000
t 91 0.0000
t 92 264.0001
t 93 0.0000
t 94 68.0000
t 95 52.0000
t 96 234.0000
t 97 0.0000
t 98 65.6000
t 99 0.0000
t 100 0.0000
t 101 17.6000
t 102 59.2000
t 103 59.2000
t 104 55.2000
t 105 65.6000
t 106 216.0001
t 107 0.0000
t 108 0.0000
t 109 0.0000
t 110 49.0000
t 111 25.2000
t 112 47.0000
t 113 0.0000
t 114 0.0000
t 115 0.0000
t 116 96.0001
t 117 208.8000
t 118 0.0000
t 119 0.0000
t 120 94.3000
t 121 0.0000
t 122 24.0000
t 123 70.2000
t 124 35.9000
t 125 37.6000
t 126 71.5000
t 127 24.0000
t 128 37.8000
t 129 62.6000
t 130 63.7000
t 131 38.9000
t 132 64.9000
t 133 33.0000
t 134 31.2000
t 135 63.8000
t 136 70.9000
t 137 70.2000
t 138 24.0000
t 139 24.0000
t 140 90.6000
t 141 29.6000
t 142 24.0000
t 143 24.0000
t 144 24.0000
t 145 59.2000
t 146 24.0000
t 147 92.8000
t 148 24.0000
t 149 88.0000
t 150 24.0000
t 151 248.0000
t 152 24.0000
t 153 24.0000
t 154 24.0000
t 155 24.0000
t 156 24.0000
t 157 187.9000
t 158 24.0000
t 159 24.0000
t 160 92.8000
t 161 24.0000
t 162 92.8000
t 163 24.0000
t 164 92.8000
t 165 24.0000
t 166 92.8000
t 167 24.0000
t 168 366.0000
t 169 24.0000
t 170 24.0000
t 171 236.0000
t 172 27.0000
t 173 24.0000
t 174 24.0000
t 175 184.0000
t 176 24.0000
t 177 24.0000
t 178 24.0000
t 179 24.0000
t 180 24.0000
t 181 24.0000
t 182 24.0000
t 183 24.0000
t 184 24.0000
t 185 64.8000
t 186 26.0000
t 187 24.0000
t 188 48.0001
t 189 89.6000
t 190 24.0000
t 191 89.6000
t 192 24.0000
t 193 24.0000
t 194 24.0000
t 195 89.6000
t 196 24.0000
t 197 46.4000
t 198 86.8000
t 199 66.8000
t 200 24.0000
t 201 24.0000
t 202 24.0000
t 203 233.6000
t 204 94.4000
t 205 54.7000
t 206 37.6000
t 207 24.0000
t 208 56.2000
t 209 93.2000
t 210 24.0000
t 211 24.0000
t 212 191.0000
t 213 24.0000
t 214 100.8000
t 215 24.0000
t 216 73.0000
t 217 68.7000
t 218 24.0000
t 219 24.0000
t 220 228.2000
t 221 26.5000
t 222 24.5000
t 223 71.0000
t 224 24.0000
t 225 64.3000
t 226 25.0000
t 227 24.0000
t 228 257.0000
t 229 24.0000
t 230 83.2000
t 231 24.0000
t 232 24.0000
t 233 168.0001
t 234 24.0000
t 235 24.0000
t 236 24.0000
t 237 124.8000
t 238 480.0001
t 239 24.0000
t 240 24.0000
t 241 24.0000
t 242 24.0000
t 243 24.0000
t 244 236.8000
t 245 24.0000
t 246 238.0000
t 247 24.0000
t 248 24.0000
t 249 24.0000
t 250 86.8000
t 251 24.0000
t 252 24.0000
t 253 121.0000
t 254 24.0000
t 255 24.0000
t 256 24.0000
t 257 24.0000
t 258 31.2000
t 259 24.0000
t 260 48.0000
t 261 48.0000
t 262 168.0001
t 263 77.2000
t 264 48.0000
t 265 48.0000
t 266 48.0000
t 267 48.0000
t 268 334.5000
t 269 188.8000
t 270 49.0000
t 271 55.7000
t 272 48.0000
t 273 104.0000
t 274 48.0000
t 275 104.0000
t 276 200.0000
t 277 200.0000
t 278 60.0000
t 279 48.0000
t 280 66.0000
t 281 48.0000
t 282 114.0000
t 283 48.0000
t 284 206.8000
t 285 48.0000
t 286 97.0000
t 287 95.0000
t 288 48.0000
t 289 48.0000
t 290 190.0000
t 291 48.0000
t 292 212.8000
t 293 49.0000
t 294 48.0000
t 295 248.0000
t 296 272.0000
t 297 48.0000
t 298 212.8000
t 299 48.0000
t 300 48.0000
t 301 212.8000
t 302 212.8000
t 303 48.0000
t 304 48.0000
t 305 48.0000
t 306 272.0000
t 307 48.0000
t 308 48.0000
t 309 187.7000
t 310 48.0000
t 311 92.0000
t 312 212.8000
t 313 48.0000
t 314 404.8000
t 315 48.0000
t 316 214.0000
t 317 48.0000
t 318 214.0000
t 319 48.0000
t 320 214.0000
t 321 48.0000
t 322 77.0000
t 323 48.0000
t 324 48.0000
t 325 74.0000
t 326 52.0000
t 327 68.0000
t 328 106.4000
t 329 100.0000
t 330 48.3000
t 331 48.0000
t 332 113.6000
t 333 48.0000
t 334 55.2000
t 335 113.6000
t 336 113.6000
t 337 73.2000
t 338 108.6000
t 339 113.6000
t 340 113.6000
t 341 73.6000
t 342 113.6000
t 343 48.0000
t 344 287.0000
t 345 62.4000
t 346 48.0000
t 347 118.6000
t 348 48.0000
t 349 48.0000
t 350 48.0000
t 351 59.2000
t 352 113.6000
t 353 131.2000
t 354 58.9000
t 355 48.0000
t 356 48.0000
t 357 48.0000
t 358 48.0000
t 359 48.0000
t 360 56.4000
t 361 48.0000
t 362 48.0000
t 363 48.0000
t 364 143.0000
t 365 48.0000
t 366 48.0000
t 367 212.8000
t 368 48.0000
t 369 48.0000
t 370 48.0000
t 371 94.8000
t 372 112.8000
t 373 208.8000
t 374 90.9000
t 375 92.7000
t 376 48.0000
t 377 144.0001
t 378 72.0000
t 379 287.0000
t 380 72.0000
t 381 287.0000
t 382 72.0000
t 383 199.0000
t 384 198.0000
t 385 74.0000
t 386 73.0000
t 387 72.0000
t 388 72.0000
t 389 238.5000
t 390 72.0000
t 391 72.0000
t 392 72.0000
t 393 72.0000
t 394 128.0000
t 395 72.0000
t 396 72.0000
t 397 240.0001
t 398 72.0000
t 399 72.0000
t 400 238.0000
t 401 72.0000
t 402 72.0000
t 403 72.0000
t 404 72.0000
t 405 99.0000
t 406 72.0000
t 407 382.0000
t 408 240.0001
t 409 72.0000
t 410 72.0000
t 411 258.4000
t 412 256.2000
t 413 73.0000
t 414 72.0000
t 415 137.6000
t 416 137.6000
t 417 78.4000
t 418 78.4000
t 419 72.0000
t 420 137.6000
t 421 120.0000
t 422 96.0001
t 423 124.8000
t 424 122.2000
t 425 137.6000
t 426 72.0000
t 427 72.0000
t 428 72.6000
t 429 117.2000
t 430 72.0000
t 431 128.6000
t 432 72.0000
t 433 72.0000
t 434 72.0000
t 435 72.0000
t 436 72.0000
t 437 72.3000
t 438 72.0000
t 439 72.0000
t 440 72.0000
t 441 136.0000
t 442 192.0001
t 443 72.0000
t 444 72.0000
t 445 496.8000
t 446 0.0000
t 447 72.0000
t 448 72.0000
t 449 208.8000
t 450 196.3000
t 451 83.2000
t 452 72.0000
t 453 94.0000
t 454 78.4000
t 455 72.0000
t 456 131.2000
t 457 137.6000
t 458 240.0001
t 459 72.0000
t 460 72.0000
t 461 120.0000
t 462 72.0000
t 463 75.2000
t 464 136.8000
t 465 136.8000
t 466 144.0000
t 467 120.0001
t 468 72.0000
t 469 72.0000
t 470 72.0000
t 471 72.0000
t 472 72.0000
t 473 97.0000
t 474 280.8000
t 475 104.2000
t 476 79.2000
t 477 72.0000
t 478 86.4000
t 479 72.0000
t 480 72.0000
t 481 120.0000
t 482 96.0001
t 483 72.0000
t 484 72.0000
t 485 72.0000
t 486 72.0000
t 487 0.0000
t 488 72.0000
t 489 216.0001
t 490 129.6000
t 491 115.0000
t 492 101.4000
t 493 79.6000
t 494 94.2000
t 495 120.0001
t 496 96.0000
t 497 311.0000
t 498 96.0000
t 499 333.0000
t 500 121.5000
t 501 96.0000
t 502 96.0000
t 503 96.0000
t 504 96.0000
t 505 620.0000
t 506 96.0000
t 507 607.2000
t 508 96.0000
t 509 96.0000
t 510 96.0000
t 511 97.0000
t 512 96.0000
t 513 96.0000
t 514 108.8000
t 515 96.0000
t 516 256.0000
t 517 96.0000
t 518 96.0000
t 519 164.8000
t 520 96.0000
t 521 96.0000
t 522 99.2000
t 523 96.0000
t 524 240.0001
t 525 96.0000
t 526 96.0000
t 527 96.0000
t 528 96.0000
t 529 404.0000
t 530 96.0000
t 531 96.0000
t 532 96.0000
t 533 96.0000
t 534 96.0000
t 535 96.0000
t 536 96.0000
t 537 96.0000
t 538 96.0000
t 539 96.0000
t 540 96.0000
t 541 288.0001
t 542 288.0001
t 543 96.0000
t 544 143.3000
t 545 142.2000
t 546 96.0000
t 547 96.0000
t 548 96.0000
t 549 120.0000
t 550 120.0000
t 551 120.0000
t 552 120.0000
t 553 120.0000
t 554 120.0000
t 555 128.0000
t 556 120.0000
t 557 128.0000
t 558 120.0000
t 559 120.0000
t 560 124.0000
t 561 284.0000
t 562 120.0000
t 563 120.0000
t 564 120.0000
t 565 120.0000
t 566 120.0001
t 567 120.0000
t 568 188.8000
t 569 120.0000
t 570 476.8000
t 571 120.0000
t 572 476.8000
t 573 120.0000
t 574 264.0001
t 575 120.0000
t 576 120.0000
t 577 476.8000
t 578 120.0000
t 579 476.8000
t 580 120.0000
t 581 120.0000
t 582 473.6000
t 583 120.0000
t 584 761.6000
t 585 120.0000
t 586 120.0000
t 587 120.0000
t 588 120.0000
t 589 120.0000
t 590 120.0000
t 591 120.0000
t 592 120.0000
t 593 120.0000
t 594 120.0000
t 595 120.0000
t 596 120.0000
t 597 120.0000
t 598 120.0000
t 599 120.0000
# --- delta[i1,i2]: machine ordering (only pairs with a value listed) ---
d 0 188 1
d 2 3 0
d 2 4 0
d 2 5 0
d 3 4 0
d 3 5 0
d 4 5 0
d 6 7 0
d 8 9 0
d 10 11 0
d 10 12 0
d 11 12 0
d 13 277 1
d 14 61 1
d 14 77 1
d 14 86 1
d 14 87 1
d 14 145 1
d 14 191 1
d 14 205 1
d 14 213 1
d 14 237 1
d 14 271 1
d 14 330 1
d 14 345 1
d 14 354 1
d 14 355 1
d 14 416 1
d 14 428 1
d 14 436 1
d 14 437 1
d 61 77 1
d 61 86 1
d 61 87 1
d 61 145 1
d 61 191 1
d 61 205 1
d 61 213 1
d 61 237 1
d 61 271 1
d 61 330 1
d 61 345 1
d 61 354 1
d 61 355 1
d 61 416 1
d 61 428 1
d 61 436 1
d 61 437 1
d 77 86 0
d 77 87 0
d 77 145 0
d 77 191 1
d 77 205 0
d 77 213 0
d 77 237 1
d 77 271 0
d 77 330 0
d 77 345 0
d 77 354 0
d 77 355 0
d 77 416 1
d 77 428 1
d 77 436 1
d 77 437 1
d 86 87 1
d 86 145 0
d 86 191 1
d 86 205 0
d 86 213 0
d 86 237 1
d 86 271 0
d 86 330 0
d 86 345 0
d 86 354 0
d 86 355 0
d 86 416 1
d 86 428 1
d 86 436 1
d 86 437 1
d 87 145 0
d 87 191 1
d 87 205 0
d 87 213 0
d 87 237 1
d 87 271 0
d 87 330 0
d 87 345 0
d 87 354 0
d 87 355 0
d 87 416 1
d 87 428 1
d 87 436 1
d 87 437 1
d 145 191 1
d 145 205 0
d 145 213 0
d 145 237 1
d 145 271 0
d 145 330 0
d 145 345 1
d 145 354 0
d 145 355 0
d 145 416 1
d 145 428 1
d 145 436 1
d 145 437 1
d 191 205 0
d 191 213 0
d 191 237 1
d 191 271 0
d 191 330 0
d 191 345 0
d 191 354 0
d 191 355 0
d 191 416 1
d 191 428 0
d 191 436 0
d 191 437 0
d 205 213 0
d 205 237 1
d 205 271 1
d 205 330 0
d 205 345 1
d 205 354 1
d 205 355 0
d 205 416 1
d 205 428 1
d 205 436 1
d 205 437 1
d 213 237 1
d 213 271 1
d 213 330 1
d 213 345 1
d 213 354 1
d 213 355 1
d 213 416 1
d 213 428 1
d 213 436 1
d 213 437 1
d 237 271 0
d 237 330 0
d 237 345 0
d 237 354 0
d 237 355 0
d 237 416 1
d 237 428 0
d 237 436 0
d 237 437 0
d 271 330 0
d 271 345 1
d 271 354 1
d 271 355 0
d 271 416 1
d 271 428 1
d 271 436 1
d 271 437 1
d 330 345 1
d 330 354 1
d 330 355 0
d 330 416 1
d 330 428 1
d 330 436 1
d 330 437 1
d 345 354 0
d 345 355 0
d 345 416 1
d 345 428 1
d 345 436 1
d 345 437 1
d 354 355 0
d 354 416 1
d 354 428 1
d 354 436 1
d 354 437 1
d 355 416 1
d 355 428 1
d 355 436 1
d 355 437 1
d 416 428 0
d 416 436 0
d 416 437 0
d 428 436 0
d 428 437 0
d 436 437 1
d 15 16 0
d 22 23 0
d 25 157 1
d 25 174 0
d 157 174 0
d 26 240 0
d 27 566 1
d 28 29 0
d 28 503 1
d 29 503 1
d 32 33 0
d 34 35 0
d 36 37 0
d 38 39 1
d 40 41 0
d 42 43 0
d 44 45 0
d 46 47 0
d 49 260 1
d 50 53 0
d 50 234 0
d 50 327 0
d 50 461 1
d 50 486 1
d 53 234 1
d 53 327 1
d 53 461 1
d 53 486 1
d 234 327 1
d 234 461 1
d 234 486 1
d 327 461 1
d 327 486 1
d 461 486 0
d 52 66 1
d 52 68 0
d 52 69 1
d 52 97 0
d 52 141 0
d 52 197 1
d 52 351 1
d 52 352 1
d 52 421 1
d 52 458 1
d 66 68 0
d 66 69 1
d 66 97 0
d 66 141 0
d 66 197 0
d 66 351 1
d 66 352 1
d 66 421 1
d 66 458 1
d 68 69 1
d 68 97 0
d 68 141 1
d 68 197 1
d 68 351 1
d 68 352 1
d 68 421 1
d 68 458 1
d 69 97 0
d 69 141 0
d 69 197 0
d 69 351 0
d 69 352 1
d 69 421 1
d 69 458 1
d 97 141 1
d 97 197 1
d 97 351 1
d 97 352 1
d 97 421 1
d 97 458 1
d 141 197 1
d 141 351 1
d 141 352 1
d 141 421 1
d 141 458 1
d 197 351 1
d 197 352 1
d 197 421 1
d 197 458 1
d 351 352 1
d 351 421 1
d 351 458 1
d 352 421 1
d 352 458 1
d 421 458 1
d 54 184 0
d 54 550 1
d 184 550 1
d 59 60 1
d 59 78 1
d 59 140 1
d 59 206 0
d 59 255 0
d 59 328 1
d 59 329 1
d 59 346 1
d 59 360 1
d 59 372 1
d 59 481 1
d 60 78 0
d 60 140 1
d 60 206 0
d 60 255 0
d 60 328 1
d 60 329 1
d 60 346 0
d 60 360 1
d 60 372 1
d 60 481 1
d 78 140 1
d 78 206 0
d 78 255 0
d 78 328 1
d 78 329 1
d 78 346 1
d 78 360 1
d 78 372 1
d 78 481 1
d 140 206 0
d 140 255 0
d 140 328 1
d 140 329 1
d 140 346 0
d 140 360 0
d 140 372 1
d 140 481 1
d 206 255 0
d 206 328 1
d 206 329 1
d 206 346 1
d 206 360 1
d 206 372 1
d 206 481 1
d 255 328 1
d 255 329 1
d 255 346 1
d 255 360 1
d 255 372 1
d 255 481 1
d 328 329 0
d 328 346 0
d 328 360 0
d 328 372 1
d 328 481 1
d 329 346 0
d 329 360 0
d 329 372 1
d 329 481 1
d 346 360 1
d 346 372 1
d 346 481 1
d 360 372 1
d 360 481 1
d 372 481 1
d 62 417 1
d 62 459 1
d 62 464 1
d 417 459 0
d 417 464 1
d 459 464 1
d 64 102 1
d 64 333 1
d 64 353 1
d 64 420 1
d 102 333 0
d 102 353 1
d 102 420 1
d 333 353 1
d 333 420 1
d 353 420 1
d 65 104 0
d 65 361 0
d 104 361 0
d 67 194 1
d 67 422 1
d 194 422 1
d 70 71 0
d 70 425 1
d 70 432 1
d 70 454 1
d 71 425 1
d 71 432 1
d 71 454 1
d 425 432 0
d 425 454 0
d 432 454 1
d 72 85 0
d 75 204 1
d 75 341 1
d 75 427 1
d 75 463 1
d 204 341 0
d 204 427 0
d 204 463 0
d 341 427 0
d 341 463 1
d 427 463 1
d 79 207 1
d 79 347 1
d 79 429 1
d 79 430 1
d 207 347 1
d 207 429 1
d 207 430 1
d 347 429 0
d 347 430 0
d 429 430 0
d 80 81 0
d 80 110 0
d 80 198 1
d 80 199 1
d 80 208 0
d 80 209 1
d 80 231 0
d 80 337 1
d 80 338 1
d 80 348 0
d 80 424 1
d 80 431 1
d 80 465 1
d 80 466 1
d 80 490 1
d 80 491 1
d 80 492 1
d 80 493 1
d 80 494 1
d 81 110 0
d 81 198 1
d 81 199 1
d 81 208 0
d 81 209 1
d 81 231 0
d 81 337 1
d 81 338 1
d 81 348 0
d 81 424 1
d 81 431 1
d 81 465 1
d 81 466 1
d 81 490 1
d 81 491 1
d 81 492 1
d 81 493 1
d 81 494 1
d 110 198 1
d 110 199 1
d 110 208 1
d 110 209 1
d 110 231 0
d 110 337 1
d 110 338 1
d 110 348 0
d 110 424 1
d 110 431 1
d 110 465 1
d 110 466 1
d 110 490 1
d 110 491 1
d 110 492 1
d 110 493 1
d 110 494 1
d 198 199 0
d 198 208 0
d 198 209 1
d 198 231 0
d 198 337 0
d 198 338 1
d 198 348 0
d 198 424 1
d 198 431 1
d 198 465 1
d 198 466 1
d 198 490 1
d 198 491 1
d 198 492 1
d 198 493 0
d 198 494 1
d 199 208 0
d 199 209 1
d 199 231 0
d 199 337 1
d 199 338 1
d 199 348 0
d 199 424 1
d 199 431 1
d 199 465 1
d 199 466 1
d 199 490 1
d 199 491 1
d 199 492 1
d 199 493 1
d 199 494 1
d 208 209 1
d 208 231 0
d 208 337 1
d 208 338 1
d 208 348 0
d 208 424 1
d 208 431 1
d 208 465 1
d 208 466 1
d 208 490 1
d 208 491 1
d 208 492 1
d 208 493 1
d 208 494 1
d 209 231 0
d 209 337 0
d 209 338 1
d 209 348 0
d 209 424 1
d 209 431 1
d 209 465 1
d 209 466 1
d 209 490 1
d 209 491 1
d 209 492 1
d 209 493 0
d 209 494 1
d 231 337 1
d 231 338 1
d 231 348 1
d 231 424 1
d 231 431 1
d 231 465 1
d 231 466 1
d 231 490 1
d 231 491 1
d 231 492 1
d 231 493 1
d 231 494 1
d 337 338 1
d 337 348 0
d 337 424 1
d 337 431 1
d 337 465 1
d 337 466 1
d 337 490 1
d 337 491 1
d 337 492 1
d 337 493 1
d 337 494 1
d 338 348 0
d 338 424 1
d 338 431 1
d 338 465 1
d 338 466 1
d 338 490 1
d 338 491 1
d 338 492 0
d 338 493 0
d 338 494 0
d 348 424 1
d 348 431 1
d 348 465 1
d 348 466 1
d 348 490 1
d 348 491 1
d 348 492 1
d 348 493 1
d 348 494 1
d 424 431 1
d 424 465 1
d 424 466 1
d 424 490 1
d 424 491 0
d 424 492 0
d 424 493 0
d 424 494 0
d 431 465 1
d 431 466 1
d 431 490 1
d 431 491 0
d 431 492 0
d 431 493 0
d 431 494 0
d 465 466 1
d 465 490 0
d 465 491 0
d 465 492 0
d 465 493 0
d 465 494 0
d 466 490 0
d 466 491 0
d 466 492 0
d 466 493 0
d 466 494 0
d 490 491 0
d 490 492 0
d 490 493 0
d 490 494 0
d 491 492 0
d 491 493 0
d 491 494 0
d 492 493 0
d 492 494 0
d 493 494 1
d 83 233 1
d 84 332 0
d 84 418 0
d 84 419 0
d 332 418 0
d 332 419 0
d 418 419 0
d 88 218 1
d 88 326 1
d 88 356 1
d 88 439 1
d 88 441 1
d 218 326 1
d 218 356 1
d 218 439 1
d 218 441 1
d 326 356 0
d 326 439 1
d 326 441 1
d 356 439 1
d 356 441 1
d 439 441 1
d 92 514 0
d 92 515 0
d 514 515 0
d 94 95 0
d 94 219 0
d 94 357 0
d 94 440 1
d 94 523 1
d 95 219 0
d 95 357 0
d 95 440 1
d 95 523 1
d 219 357 1
d 219 440 1
d 219 523 1
d 357 440 1
d 357 523 1
d 440 523 1
d 96 124 0
d 96 125 0
d 96 126 0
d 96 127 0
d 96 220 0
d 96 221 0
d 96 222 0
d 96 225 0
d 96 228 1
d 124 125 1
d 124 126 1
d 124 127 0
d 124 220 1
d 124 221 0
d 124 222 0
d 124 225 1
d 124 228 1
d 125 126 1
d 125 127 0
d 125 220 1
d 125 221 0
d 125 222 0
d 125 225 1
d 125 228 1
d 126 127 0
d 126 220 1
d 126 221 0
d 126 222 0
d 126 225 0
d 126 228 1
d 127 220 1
d 127 221 1
d 127 222 1
d 127 225 1
d 127 228 1
d 220 221 0
d 220 222 0
d 220 225 0
d 220 228 1
d 221 222 0
d 221 225 1
d 221 228 1
d 222 225 1
d 222 228 1
d 225 228 1
d 98 103 0
d 98 202 0
d 98 203 1
d 98 362 0
d 98 423 1
d 98 456 1
d 98 457 1
d 98 460 1
d 103 202 0
d 103 203 1
d 103 362 0
d 103 423 1
d 103 456 1
d 103 457 1
d 103 460 1
d 202 203 1
d 202 362 1
d 202 423 1
d 202 456 1
d 202 457 1
d 202 460 1
d 203 362 0
d 203 423 0
d 203 456 0
d 203 457 0
d 203 460 0
d 362 423 1
d 362 456 1
d 362 457 1
d 362 460 1
d 423 456 1
d 423 457 1
d 423 460 0
d 456 457 1
d 456 460 0
d 457 460 0
d 101 119 0
d 101 229 1
d 101 250 1
d 101 263 1
d 101 358 1
d 101 453 1
d 119 229 1
d 119 250 1
d 119 263 1
d 119 358 1
d 119 453 1
d 229 250 1
d 229 263 1
d 229 358 1
d 229 453 1
d 250 263 0
d 250 358 0
d 250 453 1
d 263 358 0
d 263 453 1
d 358 453 1
d 105 113 0
d 105 189 1
d 105 190 0
d 105 262 1
d 105 414 1
d 105 415 1
d 113 189 1
d 113 190 1
d 113 262 1
d 113 414 1
d 113 415 1
d 189 190 0
d 189 262 1
d 189 414 0
d 189 415 1
d 190 262 1
d 190 414 1
d 190 415 1
d 262 414 0
d 262 415 0
d 414 415 1
d 106 212 0
d 106 288 0
d 106 290 0
d 212 288 0
d 212 290 0
d 288 290 1
d 107 154 1
d 111 112 1
d 111 123 1
d 111 179 0
d 112 123 1
d 112 179 0
d 123 179 0
d 114 195 1
d 115 300 1
d 115 301 1
d 300 301 1
d 116 472 0
d 117 286 0
d 117 287 0
d 117 322 0
d 117 325 0
d 117 508 0
d 286 287 0
d 286 322 0
d 286 325 0
d 286 508 0
d 287 322 0
d 287 325 0
d 287 508 1
d 322 325 0
d 322 508 1
d 325 508 1
d 120 121 0
d 122 226 1
d 122 377 1
d 226 377 1
d 128 129 1
d 128 130 1
d 128 131 1
d 128 185 1
d 128 186 0
d 128 187 0
d 129 130 1
d 129 131 0
d 129 185 1
d 129 186 0
d 129 187 0
d 130 131 0
d 130 185 1
d 130 186 0
d 130 187 0
d 131 185 1
d 131 186 0
d 131 187 0
d 185 186 0
d 185 187 0
d 186 187 0
d 132 133 0
d 132 134 0
d 132 135 0
d 132 136 1
d 132 227 0
d 133 134 0
d 133 135 1
d 133 136 1
d 133 227 0
d 134 135 1
d 134 136 1
d 134 227 0
d 135 136 1
d 135 227 0
d 136 227 0
d 137 158 0
d 137 378 1
d 158 378 1
d 147 148 0
d 149 150 0
d 151 152 0
d 153 284 1
d 153 285 1
d 153 373 1
d 284 285 0
d 284 373 1
d 285 373 1
d 156 175 1
d 159 543 1
d 160 161 0
d 162 163 0
d 164 165 0
d 166 167 0
d 168 473 0
d 168 474 0
d 168 475 0
d 168 476 0
d 168 477 0
d 168 478 0
d 168 509 0
d 473 474 1
d 473 475 1
d 473 476 0
d 473 477 0
d 473 478 0
d 473 509 0
d 474 475 0
d 474 476 0
d 474 477 0
d 474 478 0
d 474 509 0
d 475 476 0
d 475 477 0
d 475 478 0
d 475 509 0
d 476 477 0
d 476 478 1
d 476 509 1
d 477 478 1
d 477 509 1
d 478 509 1
d 169 524 1
d 170 397 1
d 171 396 0
d 172 173 0
d 172 553 1
d 173 553 1
d 180 487 1
d 180 488 1
d 180 489 1
d 487 488 1
d 487 489 1
d 488 489 1
d 200 339 1
d 200 359 1
d 339 359 0
d 214 215 0
d 214 335 1
d 215 335 1
d 216 435 0
d 216 544 1
d 435 544 1
d 217 257 0
d 217 496 1
d 257 496 1
d 223 224 0
d 223 467 1
d 224 467 1
d 230 334 0
d 230 336 1
d 230 366 0
d 230 433 0
d 334 336 1
d 334 366 0
d 334 433 1
d 336 366 0
d 336 433 0
d 366 433 1
d 238 253 0
d 238 576 0
d 253 576 0
d 244 245 0
d 246 247 0
d 258 259 0
d 258 374 1
d 258 375 1
d 259 374 1
d 259 375 1
d 374 375 1
d 261 399 1
d 261 495 1
d 399 495 1
d 268 499 0
d 268 500 0
d 268 552 0
d 499 500 0
d 499 552 0
d 500 552 0
d 269 270 0
d 269 349 0
d 270 349 0
d 272 273 1
d 274 275 1
d 276 383 0
d 276 384 0
d 276 385 0
d 276 386 0
d 276 387 0
d 383 384 0
d 383 385 0
d 383 386 0
d 383 387 0
d 384 385 0
d 384 386 0
d 384 387 0
d 385 386 0
d 385 387 0
d 386 387 0
d 278 279 0
d 280 281 0
d 282 283 0
d 289 392 1
d 289 505 1
d 289 506 1
d 289 507 1
d 392 505 1
d 392 506 1
d 392 507 1
d 505 506 0
d 505 507 0
d 506 507 1
d 291 391 1
d 292 293 0
d 292 350 0
d 293 350 0
d 294 295 1
d 296 297 0
d 298 299 0
d 302 303 0
d 306 307 0
d 309 310 0
d 311 438 0
d 312 313 0
d 314 315 0
d 316 317 0
d 318 319 0
d 320 321 0
d 340 426 0
d 342 343 0
d 344 585 0
d 364 370 0
d 367 368 0
d 371 376 0
d 371 485 0
d 376 485 1
d 379 380 0
d 381 382 0
d 389 501 0
d 393 394 1
d 400 401 0
d 405 511 0
d 405 512 0
d 511 512 0
d 407 513 0
d 408 409 0
d 411 412 0
d 411 413 0
d 411 455 0
d 412 413 0
d 412 455 0
d 413 455 0
d 442 448 0
d 445 593 0
d 449 450 0
d 449 451 0
d 449 452 0
d 450 451 0
d 450 452 0
d 451 452 0
d 482 483 0
d 497 498 0
d 516 517 0
d 519 520 0
d 521 522 1
d 521 574 1
d 522 574 1
d 529 530 0
d 541 559 0
d 541 560 0
d 559 560 1
d 542 561 0
d 542 562 0
d 561 562 0
d 545 546 0
d 555 556 0
d 557 558 0
d 568 569 0
d 570 571 0
d 572 573 0
d 577 578 0
d 579 580 0
d 581 582 1
d 583 584 1
