388 600 256

1 28 855 0 288 8 240
2 28 855 0 288 16 480
3 27 1750 0 168 2 60
4 7 1912 0 96 12.6 378
5 10 347 0 432 0.6 12
6 3 1917 0 48 7.2 216
7 10 346 0 432 0.6 12
8 10 610 0 528 0.6 18
9 10 614 0 528 0.6 18
10 10 310 0 192 0.8 24
11 10 348 0 432 0.6 12
12 10 613 0 528 0.6 18
13 4 1919 0 96 1.5 45
14 34 1631 0 72 6.4 64
15 2 615 0 96 6 60
16 2 615 0 96 7 70
17 2 615 0 648 3.5 35
18 2 615 0 648 4 40
19 18 310 0 312 4 120
20 18 311 0 312 4 120
21 18 312 0 312 4 120
22 18 313 0 312 4 120
23 18 314 0 312 4 120
24 18 315 0 312 4 120
25 18 386 0 312 3 60
26 18 387 0 312 3 60
27 18 394 0 312 3 60
28 19 518 0 312 30.1 1204
29 18 553 0 312 4.5 180
30 17 182 0 168 4 120
31 17 182 0 648 1 30
32 22 402 0 336 4.2 126
33 22 406 0 336 4.2 126
34 22 414 0 336 4.2 126
35 10 209 0 168 4 120
36 10 210 0 168 4 120
37 10 211 0 168 4 120
38 29 247 0 168 8 240
39 5 567 0 216 7.2 216
40 43 1082 0 72 7.2 216
41 43 284 0 72 7.2 216
42 43 292 0 72 7.2 216
43 43 283 0 72 7.2 216
44 43 287 0 72 7.2 216
45 43 291 0 72 7.2 216
46 43 289 0 72 7.2 216
47 43 290 0 72 7.2 216
48 43 615 0 72 3.2 32
49 43 286 0 72 7.2 216
50 43 285 0 72 7.2 216
51 43 1077 0 72 7.2 216
52 43 1081 0 72 7.2 216
53 43 1078 0 72 7.2 216
54 43 1080 0 72 7.2 216
55 43 1079 0 72 7.2 216
56 43 293 0 72 7.2 288
57 43 288 0 72 7.2 216
58 38 735 0 72 7.2 216
59 38 729 0 72 7.2 144
60 38 730 0 72 7.2 144
61 38 741 0 72 7.2 144
62 38 742 0 72 7.2 144
63 38 733 0 72 7.2 144
64 38 736 0 72 7.2 216
65 38 737 0 72 7.2 216
66 38 615 0 72 3.2 32
67 38 732 0 72 7.2 144
68 38 734 0 72 7.2 144
69 38 733 0 72 7.2 144
70 38 612 0 72 7.2 216
71 38 607 0 72 7.2 216
72 38 613 0 72 7.2 216
73 38 614 0 72 7.2 216
74 38 611 0 72 7.2 216
75 38 610 0 72 7.2 216
76 38 608 0 72 7.2 216
77 38 732 0 72 7.2 144
78 38 731 0 72 7.2 144
79 38 609 0 72 7.2 216
80 42 615 0 72 6.4 64
81 42 352 0 72 7.2 216
82 42 351 0 72 7.2 216
83 42 263 0 72 7.2 216
84 42 262 0 72 7.2 216
85 42 358 0 72 7.2 216
86 42 357 0 72 7.2 216
87 42 356 0 72 7.2 216
88 42 726 0 72 7.2 144
89 42 739 0 72 7.2 144
90 42 324 0 72 7.2 216
91 42 740 0 72 7.2 144
92 42 727 0 72 7.2 144
93 42 506 0 72 7.2 216
94 42 728 0 72 7.2 144
95 42 344 0 72 7.2 216
96 42 500 0 72 7.2 216
97 42 350 0 72 7.2 216
98 42 323 0 72 7.2 216
99 42 507 0 72 7.2 216
100 42 505 0 72 7.2 216
101 42 504 0 72 7.2 216
102 42 503 0 72 7.2 216
103 42 501 0 72 7.2 216
104 42 502 0 72 7.2 216
105 42 322 0 72 7.2 216
106 42 349 0 72 7.2 216
107 37 615 0 72 6.4 64
108 37 657 0 72 7.2 216
109 37 658 0 72 7.2 216
110 37 659 0 72 7.2 216
111 37 654 0 72 7.2 216
112 37 655 0 72 7.2 216
113 37 656 0 72 7.2 216
114 48 178 0 72 7.2 216
115 48 183 0 72 7.2 216
116 48 179 0 72 7.2 216
117 48 181 0 72 7.2 288
118 48 177 0 72 7.2 216
119 48 182 0 72 7.2 216
120 48 615 0 72 6.4 64
121 49 221 0 72 7.2 216
122 49 222 0 72 7.2 216
123 49 223 0 72 7.2 216
124 49 615 0 72 6.4 64
125 49 220 0 72 7.2 216
126 55 212 0 72 7.2 216
127 55 549 0 72 7.2 216
128 55 548 0 72 7.2 144
129 55 200 0 72 7.2 216
130 55 199 0 72 7.2 216
131 55 198 0 72 7.2 216
132 55 615 0 72 6.4 64
133 55 201 0 72 7.2 216
134 56 625 0 72 7.2 216
135 56 615 0 72 6.4 64
136 56 624 0 72 7.2 216
137 56 661 0 72 7.2 216
138 56 623 0 72 7.2 216
139 56 633 0 72 7.2 216
140 56 663 0 72 7.2 216
141 56 666 0 72 7.2 216
142 56 664 0 72 7.2 216
143 56 665 0 72 7.2 216
144 56 662 0 72 7.2 216
145 54 532 0 72 7.2 216
146 54 531 0 72 7.2 216
147 54 615 0 72 6.4 64
148 54 535 0 72 7.2 288
149 54 517 0 72 7.2 144
150 33 815 0 24 1.8 54
151 33 815 0 288 1.1 33
152 33 817 0 288 1.1 33
153 33 843 0 288 1.3 39
154 33 844 0 288 1.3 39
155 15 765 0 216 2.5 50
156 13 896 0 288 7.6 228
157 13 897 0 288 7.6 228
158 13 1751 0 288 7.6 228
159 14 897 0 144 4 120
160 14 1113 0 168 3.5 140
161 33 1804 0 288 3.6 36
162 33 1753 0 288 4 40
163 33 1710 0 288 8 80
164 33 1631 0 24 6 60
165 33 1693 0 168 12 120
166 33 1631 0 24 4 40
167 33 991 0 240 6 60
168 33 1820 0 288 0.3 6
169 33 1821 0 288 0.3 6
170 33 1631 0 24 4 40
171 33 937 0 264 14 140
172 33 1763 0 288 8 320
173 30 1755 0 312 8 240
174 26 1723 0 264 1 30
175 26 1723 0 264 1 30
176 25 1163 0 168 1.5 45
177 25 1163 0 168 3 90
178 30 1631 0 72 14 140
179 30 1632 0 432 2 20
180 46 1631 0 72 6.4 64
181 51 1631 0 72 6.4 64
182 44 1631 0 72 6.4 64
183 39 1631 0 72 6.4 64
184 47 1631 0 72 7.2 72
185 45 1631 0 72 7.2 72
186 35 1631 0 72 6.4 64
187 52 1631 0 72 6.4 64
188 40 1631 0 72 6.4 64
189 50 1631 0 72 6.4 64
190 41 1631 0 72 6.4 64
191 53 1631 0 72 6.4 64
192 36 1631 0 72 6.4 64
193 9 1974 0 384 13.6 408
194 9 1968 0 48 12.4 372
195 6 1949 0 192 7.2 216
196 4 1958 0 96 0.9 27
197 31 615 0 0 14 140
198 24 1900 0 384 12 360
199 11 40 0 144 10 300
200 11 85 0 72 12 240
201 33 1670 0 0 6 60
202 33 1671 0 0 7.2 288
203 33 1672 0 0 7.2 288
204 33 1673 0 0 7.2 288
205 33 1674 0 0 7.2 288
206 33 1675 0 0 7.2 288
207 33 1676 0 0 7.2 288
208 33 977 0 72 7.2 216
209 33 974 0 72 7.2 216
210 33 975 0 72 7.2 216
211 33 976 0 72 7.2 216
212 33 978 0 72 7.2 216
213 33 979 0 72 7.2 216
214 33 981 0 72 7.2 216
215 33 962 0 72 1 10
216 33 980 0 72 7.2 216
217 25 1424 0 216 12.8 512
218 16 1671 0 168 6 240
219 16 1672 0 168 6 240
220 16 1673 0 168 6 240
221 16 1674 0 168 6 240
222 16 1676 0 168 6 240
223 15 1661 0 360 4 160
224 15 1662 0 360 4 160
225 15 1663 0 360 4 160
226 15 1664 0 360 4 160
227 15 1665 0 360 4 160
228 15 1666 0 360 4 160
229 15 1667 0 360 4 160
230 15 1668 0 360 4 160
231 15 1673 0 216 7.2 288
232 15 1651 0 168 8 240
233 15 1652 0 168 8 240
234 15 1653 0 168 8 320
235 15 1654 0 168 8 320
236 15 1655 0 168 8 320
237 15 1656 0 168 8 320
238 15 1657 0 168 8 320
239 15 1658 0 168 8 320
240 15 1659 0 168 8 320
241 1 812 0 72 4.5 45
242 18 668 0 312 6.4 256
243 18 669 0 312 6.4 256
244 18 668 0 216 6.4 256
245 19 518 0 168 7.2 288
246 22 434 0 360 7.2 72
247 4 1976 24 72 4 120
248 10 643 24 312 0.8 24
249 11 74 24 456 1.2 24
250 23 1506 24 336 14.1 282
251 23 1506 24 336 14.1 282
252 23 1529 24 240 14.1 282
253 23 1529 24 240 14.1 282
254 23 1527 24 336 14.1 282
255 23 1527 24 336 14.1 282
256 23 1530 24 336 14.1 282
257 23 1530 24 336 14.1 282
258 23 1538 24 336 14.1 282
259 23 1538 24 336 14.1 282
260 34 1631 24 96 7.2 72
261 17 544 24 336 3 60
262 17 515 24 336 3 60
263 17 515 24 672 2 40
264 17 215 24 240 7.2 216
265 17 216 24 240 7.2 216
266 17 238 24 240 7.2 216
267 17 694 24 240 7.2 216
268 17 694 24 672 2 60
269 18 259 24 336 7.2 216
270 18 263 24 336 7.2 216
271 18 265 24 336 7.2 216
272 17 267 24 336 7.2 216
273 19 270 24 336 3 90
274 19 272 24 336 3 90
275 19 273 24 336 3 90
276 19 274 24 336 3 90
277 19 278 24 336 3 90
278 19 279 24 336 3 90
279 20 285 24 336 7.2 216
280 18 720 24 336 4 120
281 18 722 24 336 4 120
282 18 360 24 336 4 120
283 18 318 24 336 4 120
284 18 650 24 336 4 120
285 18 488 24 336 3 90
286 18 489 24 336 3 90
287 18 480 24 336 3 90
288 18 481 24 336 3 90
289 18 482 24 336 3 90
290 17 248 24 240 4 120
291 18 367 24 456 3 60
292 18 372 24 456 3 60
293 18 373 24 456 3 60
294 18 377 24 456 3 60
295 18 382 24 456 3 60
296 18 383 24 456 3 60
297 18 384 24 456 3 60
298 18 391 24 456 3 60
299 18 392 24 456 3 60
300 18 393 24 456 3 60
301 10 209 24 192 4 120
302 29 671 24 312 14 560
303 37 393 24 96 7.2 144
304 37 615 24 96 6.4 64
305 42 379 24 96 7.2 144
306 37 380 24 96 7.2 144
307 37 392 24 96 7.2 144
308 37 391 24 96 7.2 144
309 37 390 24 96 7.2 144
310 37 389 24 96 7.2 144
311 37 388 24 96 7.2 144
312 37 384 24 96 7.2 144
313 37 383 24 96 7.2 144
314 37 370 24 96 7.2 144
315 37 376 24 96 7.2 144
316 37 365 24 96 7.2 144
317 37 367 24 96 7.2 144
318 37 371 24 96 7.2 144
319 37 372 24 96 7.2 144
320 37 373 24 96 7.2 144
321 37 377 24 96 7.2 144
322 37 364 24 96 7.2 144
323 37 366 24 96 7.2 144
324 37 381 24 96 7.2 144
325 37 382 24 96 7.2 144
326 38 273 24 96 7.2 216
327 38 615 24 96 6.4 64
328 38 270 24 96 7.2 216
329 38 274 24 96 7.2 216
330 38 272 24 96 7.2 216
331 38 271 24 96 7.2 216
332 38 565 24 96 7.2 216
333 38 564 24 96 7.2 216
334 38 268 24 96 7.2 216
335 38 563 24 96 7.2 216
336 38 562 24 96 7.2 216
337 38 561 24 96 7.2 216
338 38 277 24 96 7.2 216
339 38 276 24 96 7.2 216
340 38 256 24 96 7.2 144
341 38 269 24 96 7.2 216
342 38 275 24 96 7.2 216
343 42 723 24 96 7.2 216
344 42 720 24 96 7.2 216
345 42 353 24 96 7.2 216
346 42 355 24 96 7.2 216
347 42 175 24 96 7.2 216
348 42 174 24 96 7.2 216
349 42 173 24 96 7.2 216
350 42 172 24 96 7.2 216
351 42 361 24 96 7.2 216
352 42 359 24 96 7.2 216
353 42 721 24 96 7.2 216
354 42 318 24 96 7.2 216
355 42 320 24 96 7.2 216
356 42 171 24 96 7.2 216
357 42 319 24 96 7.2 216
358 42 317 24 96 7.2 216
359 42 316 24 96 7.2 216
360 42 615 24 96 6.4 64
361 42 360 24 96 7.2 216
362 42 354 24 96 7.2 216
363 42 363 24 96 7.2 216
364 42 362 24 96 7.2 216
365 48 1674 24 96 7.2 288
366 48 181 24 96 7.2 288
367 48 615 24 96 6.4 64
368 48 670 24 96 7.2 288
369 48 671 24 96 7.2 288
370 48 1676 24 96 7.2 288
371 48 1672 24 96 7.2 288
372 48 1671 24 96 7.2 288
373 48 1675 24 96 7.2 288
374 48 1673 24 96 7.2 288
375 49 246 24 96 7.2 216
376 49 251 24 96 7.2 216
377 49 615 24 96 6.4 64
378 49 245 24 96 7.2 216
379 49 244 24 96 7.2 216
380 49 249 24 96 7.2 216
381 49 250 24 96 7.2 216
382 49 248 24 96 7.2 216
383 49 247 24 96 7.2 216
384 55 229 24 96 7.2 144
385 55 228 24 96 7.2 144
386 55 230 24 96 7.2 216
387 55 232 24 96 7.2 216
388 55 615 24 96 6.4 64
389 56 634 24 96 7.2 216
390 56 615 24 96 6.4 64
391 56 635 24 96 7.2 216
392 56 636 24 96 7.2 216
393 56 637 24 96 7.2 216
394 56 631 24 96 7.2 216
395 56 628 24 96 7.2 216
396 56 630 24 96 7.2 216
397 56 629 24 96 7.2 216
398 56 632 24 96 7.2 216
399 54 615 24 96 6.4 64
400 54 533 24 96 7.2 216
401 54 534 24 96 7.2 216
402 54 518 24 96 7.2 288
403 15 1448 24 312 1.5 30
404 14 875 24 192 4 120
405 12 1763 24 192 2.2 88
406 12 1763 24 192 4 160
407 33 847 24 168 6 60
408 33 785 24 168 4 40
409 33 891 24 192 4 40
410 33 896 24 192 0.6 18
411 33 897 24 192 0.6 18
412 33 875 24 192 0.6 18
413 33 1466 24 168 4.4 176
414 33 921 24 48 6 60
415 30 1759 24 456 2 80
416 12 1763 24 888 17 680
417 46 1631 24 96 6.4 64
418 51 1631 24 96 6.4 64
419 44 1631 24 96 6.4 64
420 39 1631 24 96 7.2 72
421 47 1631 24 96 6.4 64
422 45 1631 24 96 7.2 72
423 35 1631 24 96 6.4 64
424 52 1631 24 96 6.4 64
425 40 1631 24 96 6.4 64
426 50 1631 24 96 6.4 64
427 41 1631 24 96 7.2 72
428 53 1631 24 96 6.4 64
429 36 1631 24 96 6.4 64
430 6 1968 24 216 7.2 216
431 4 1982 24 72 7.2 216
432 4 1985 24 120 4 120
433 7 1906 24 624 57.8 1734
434 6 1959 24 216 14.2 426
435 8 1982 24 1608 68.1 2043
436 17 718 24 240 4 120
437 17 718 24 240 4 120
438 17 718 24 240 16 480
439 10 247 24 48 7.2 216
440 10 250 24 48 7.2 216
441 10 205 24 48 7.2 216
442 10 673 24 48 7.2 288
443 10 672 24 48 7.2 288
444 10 671 24 48 7.2 288
445 10 670 24 48 7.2 288
446 10 669 24 48 7.2 288
447 10 251 24 48 7.2 216
448 10 221 24 48 7.2 216
449 10 248 24 48 7.2 216
450 10 222 24 48 7.2 216
451 10 204 24 48 7.2 216
452 10 249 24 48 7.2 216
453 10 220 24 48 7.2 216
454 10 615 24 48 1.1 11
455 10 244 24 48 7.2 216
456 10 246 24 48 7.2 216
457 10 203 24 48 7.2 216
458 10 668 24 48 7.2 288
459 10 223 24 48 7.2 216
460 10 181 24 48 7.2 288
461 10 245 24 48 7.2 216
462 7 1901 24 120 20 600
463 11 154 24 216 7.4 148
464 11 154 24 216 11 220
465 33 974 24 72 7.2 216
466 33 980 24 72 7.2 216
467 33 977 24 72 7.2 216
468 33 962 24 72 1.1 11
469 33 979 24 72 7.2 216
470 33 975 24 72 7.2 216
471 33 976 24 72 7.2 216
472 33 981 24 72 7.2 216
473 33 978 24 72 7.2 216
474 33 1014 24 192 0.6 12
475 33 1014 24 192 7.2 144
476 25 1426 24 240 12.8 512
477 33 1096 24 96 4 80
478 33 1084 24 96 1.1 22
479 33 1085 24 96 1.1 22
480 33 1072 24 96 7.2 216
481 33 1087 24 96 7.2 144
482 33 1914 24 96 1.1 22
483 33 1915 24 96 1.1 22
484 33 1916 24 96 1.1 22
485 33 1073 24 96 4 120
486 33 1094 24 96 4 160
487 24 1902 24 192 6.9 207
488 3 1902 24 72 7.2 216
489 5 566 24 96 7.2 72
490 2 566 24 192 7.2 72
491 6 1919 24 216 7.2 216
492 32 757 24 192 7.2 288
493 32 757 24 192 7.2 288
494 32 757 24 192 7.2 288
495 11 138 24 96 3.5 105
496 11 138 24 96 24 720
497 4 1987 48 96 4 120
498 10 625 48 1032 0.6 18
499 23 1511 48 360 14.1 282
500 23 1511 48 360 14.1 282
501 23 1504 48 360 14.1 282
502 23 1504 48 360 14.1 282
503 23 1521 48 360 14.1 282
504 23 1521 48 360 14.1 282
505 23 1513 48 264 14.1 282
506 23 1513 48 264 14.1 282
507 23 906 48 264 14.1 282
508 23 906 48 264 14.1 282
509 23 1547 48 264 14.1 282
510 23 1547 48 264 14.1 282
511 23 1509 48 264 14.1 282
512 23 1509 48 264 14.1 282
513 23 1522 48 264 14.1 282
514 23 1522 48 264 14.1 282
515 23 1115 48 264 14.1 282
516 23 1115 48 264 14.1 282
517 23 1518 48 264 14.1 282
518 23 1518 48 264 14.1 282
519 23 1525 48 264 14.1 282
520 23 1525 48 264 14.1 282
521 23 1535 48 264 14.1 282
522 23 1535 48 264 14.1 282
523 23 1542 48 264 14.1 282
524 23 1542 48 264 14.1 282
525 23 1531 48 360 14.1 282
526 23 1531 48 360 14.1 282
527 23 1541 48 360 14.1 282
528 23 1541 48 360 14.1 282
529 23 1776 48 360 14.1 282
530 23 1776 48 360 14.1 282
531 23 1539 48 360 14.1 282
532 23 1539 48 360 14.1 282
533 23 1528 48 360 14.1 282
534 23 1528 48 360 14.1 282
535 23 1537 48 360 14.1 282
536 23 1537 48 360 14.1 282
537 23 1641 48 360 14.1 282
538 23 1641 48 360 14.1 282
539 23 1536 48 360 14.1 282
540 23 1536 48 360 14.1 282
541 23 1533 48 360 14.1 282
542 23 1533 48 360 14.1 282
543 23 1534 48 360 14.1 282
544 23 1534 48 360 14.1 282
545 23 1533 48 360 14.1 282
546 23 1533 48 360 14.1 282
547 34 1631 48 120 7.2 72
548 17 686 48 264 7.2 216
549 17 183 48 360 4.6 138
550 21 196 48 216 3 60
551 29 222 48 216 6 180
552 29 668 48 120 2 80
553 29 669 48 120 2 80
554 29 670 48 72 2 80
555 29 671 48 120 2 80
556 29 672 48 120 2 80
557 29 673 48 120 2 80
558 29 705 48 480 16.3 489
559 23 427 48 360 14.1 423
560 23 427 48 360 14.1 423
561 54 686 48 120 7.2 216
562 54 690 48 120 7.2 216
563 54 691 48 120 7.2 216
564 54 688 48 120 7.2 216
565 54 689 48 120 7.2 216
566 54 615 48 120 6.4 64
567 54 687 48 120 7.2 216
568 37 375 48 120 7.2 144
569 37 615 48 120 6.4 64
570 37 396 48 120 7.2 144
571 37 395 48 120 7.2 144
572 37 368 48 120 7.2 144
573 37 369 48 120 7.2 144
574 37 394 48 120 7.2 144
575 37 374 48 120 7.2 144
576 37 386 48 120 7.2 144
577 37 385 48 120 7.2 144
578 37 378 48 120 7.2 144
579 37 387 48 120 7.2 144
580 42 258 48 120 7.2 216
581 42 314 48 120 7.2 216
582 42 313 48 120 7.2 216
583 42 308 48 120 7.2 216
584 42 315 48 120 7.2 216
585 42 311 48 120 7.2 216
586 42 312 48 120 7.2 216
587 42 259 48 120 7.2 216
588 42 310 48 120 7.2 216
589 42 304 48 120 7.2 216
590 42 307 48 120 7.2 216
591 42 309 48 120 7.2 216
592 42 305 48 120 7.2 216
593 42 615 48 120 6.4 64
594 42 306 48 120 7.2 216
595 43 284 48 120 7.2 216
596 43 292 48 120 7.2 216
597 43 285 48 120 7.2 216
598 43 286 48 120 7.2 216
599 43 287 48 120 7.2 216
600 43 289 48 120 7.2 216

1 1 1 1608
2 2 2 1608
3 2 2 1608
4 3 2 1608
5 4 1 1608
6 4 1 1608
7 5 1 1608
8 6 1 1608
9 6 1 1608
10 7 2 1608
11 7 2 1608
12 7 2 1608
13 7 2 1608
14 7 2 1608
15 8 2 1608
16 8 2 1608
17 8 2 1608
18 8 2 1608
19 9 2 1608
20 9 2 1608
21 10 2 1608
22 10 2 1608
23 10 2 1608
24 10 2 1608
25 10 2 1608
26 10 2 1608
27 10 2 1608
28 10 2 1608
29 10 2 1608
30 10 2 1608
31 11 2 1608
32 11 2 1608
33 11 2 1608
34 11 2 1608
35 12 2 1608
36 12 2 1608
37 13 1 1608
38 13 1 1608
39 14 2 1608
40 15 2 1608
41 15 2 1608
42 15 2 1608
43 15 2 1608
44 15 2 1608
45 15 2 1608
46 16 2 1608
47 16 2 1608
48 17 1 1608
49 17 1 1608
50 17 1 1608
51 17 1 1608
52 17 1 1608
53 18 2 1608
54 18 2 1608
55 18 2 1608
56 18 2 1608
57 18 2 1608
58 18 2 1608
59 18 2 1608
60 18 2 1608
61 19 2 1608
62 19 2 1608
63 19 2 1608
64 20 1 1608
65 21 2 1608
66 22 2 1608
67 22 2 1608
68 23 2 1608
69 23 2 1608
70 23 2 1608
71 23 2 1608
72 23 2 1608
73 23 2 1608
74 23 2 1608
75 23 2 1608
76 23 2 1608
77 23 2 1608
78 23 2 1608
79 23 2 1608
80 23 2 1608
81 23 2 1608
82 23 2 1608
83 23 2 1608
84 23 2 1608
85 23 2 1608
86 23 2 1608
87 23 2 1608
88 23 2 1608
89 23 2 1608
90 23 2 1608
91 23 2 1608
92 23 2 1608
93 23 2 1608
94 23 2 1608
95 23 2 1608
96 23 2 1608
97 23 2 1608
98 23 2 1608
99 23 2 1608
100 23 2 1608
101 23 2 1608
102 23 2 1608
103 23 2 1608
104 23 2 1608
105 23 2 1608
106 23 2 1608
107 23 2 1608
108 23 2 1608
109 23 2 1608
110 23 2 1608
111 23 2 1608
112 23 2 1608
113 24 1 1608
114 25 2 1608
115 25 2 1608
116 26 2 1608
117 27 1 1608
118 28 1 1608
119 28 1 1608
120 29 1 1608
121 29 1 1608
122 29 1 1608
123 30 2 1608
124 30 2 1608
125 31 2 1608
126 32 1 1608
127 32 1 1608
128 33 2 1608
129 33 2 1608
130 33 2 1608
131 33 2 1608
132 33 2 1608
133 33 2 1608
134 33 2 1608
135 33 2 1608
136 33 2 1608
137 33 2 1608
138 33 2 1608
139 33 2 1608
140 33 2 1608
141 33 2 1608
142 33 2 1608
143 33 2 1608
144 33 2 1608
145 34 1 1608
146 34 1 1608
147 35 1 1608
148 36 1 1608
149 37 2 1608
150 37 2 1608
151 37 2 1608
152 37 2 1608
153 37 2 1608
154 37 2 1608
155 37 2 1608
156 37 2 1608
157 37 2 1608
158 37 2 1608
159 37 2 1608
160 37 2 1608
161 37 2 1608
162 37 2 1608
163 37 2 1608
164 37 2 1608
165 38 2 1608
166 38 2 1608
167 38 2 1608
168 38 2 1608
169 38 2 1608
170 38 2 1608
171 38 2 1608
172 38 2 1608
173 38 2 1608
174 38 2 1608
175 38 2 1608
176 38 2 1608
177 38 2 1608
178 38 2 1608
179 38 2 1608
180 39 2 1608
181 40 1 1608
182 41 1 1608
183 42 2 1608
184 42 2 1608
185 42 2 1608
186 42 2 1608
187 42 2 1608
188 42 2 1608
189 42 2 1608
190 42 2 1608
191 42 2 1608
192 42 2 1608
193 42 2 1608
194 42 2 1608
195 42 2 1608
196 42 2 1608
197 42 2 1608
198 42 2 1608
199 42 2 1608
200 42 2 1608
201 42 2 1608
202 42 2 1608
203 42 2 1608
204 42 2 1608
205 42 2 1608
206 42 2 1608
207 42 2 1608
208 43 2 1608
209 43 2 1608
210 43 2 1608
211 43 2 1608
212 43 2 1608
213 43 2 1608
214 43 2 1608
215 43 2 1608
216 43 2 1608
217 44 1 1608
218 45 1 1608
219 46 1 1608
220 47 2 1608
221 48 2 1608
222 48 2 1608
223 48 2 1608
224 48 2 1608
225 48 2 1608
226 48 2 1608
227 48 2 1608
228 49 2 1608
229 49 2 1608
230 49 2 1608
231 49 2 1608
232 49 2 1608
233 49 2 1608
234 50 1 1608
235 51 1 1608
236 52 1 1608
237 53 1 1608
238 54 2 1608
239 54 2 1608
240 54 2 1608
241 54 2 1608
242 54 2 1608
243 54 2 1608
244 55 1 1608
245 55 1 1608
246 55 1 1608
247 55 1 1608
248 55 1 1608
249 56 2 1608
250 56 2 1608
251 56 2 1608
252 56 2 1608
253 56 2 1608
254 56 2 1608
255 56 2 1608
256 56 2 1608
