279 600 126

1 4 1323 0 48 1.6 48
2 61 205 0 72 3.3 132
3 50 884 0 216 1 20
4 50 884 0 216 1 20
5 50 884 0 216 1 20
6 50 884 0 216 1 20
7 50 886 0 216 1 20
8 50 886 0 216 1 20
9 50 908 0 216 1 20
10 50 908 0 216 1 20
11 29 250 0 216 1 30
12 29 250 0 216 1 30
13 29 250 0 216 1 30
14 29 251 0 216 1 30
15 53 242 0 48 4 40
16 53 256 0 72 6 180
17 53 256 0 72 18 540
18 48 1245 0 168 6.4 192
19 48 1247 0 168 6.4 192
20 48 1248 0 168 6.4 192
21 48 1249 0 168 6.4 192
22 48 1250 0 168 6.4 192
23 46 416 0 240 16 480
24 46 416 0 240 40 1200
25 50 1118 0 264 1 30
26 1 361 0 360 1 40
27 1 314 0 360 1 40
28 56 1020 0 120 4 160
29 45 291 0 168 4 120
30 45 291 0 168 8 240
31 45 308 0 168 16 480
32 45 247 0 168 4 120
33 54 563 0 168 3.2 64
34 54 563 0 168 6.4 128
35 54 565 0 168 3.2 64
36 54 565 0 168 6.4 128
37 54 566 0 168 3.2 64
38 54 566 0 168 6.4 128
39 54 567 0 168 3.2 64
40 54 567 0 168 6.4 128
41 47 1129 0 168 6.4 128
42 47 1129 0 168 6.4 128
43 54 764 0 72 3.2 128
44 54 764 0 72 12.8 512
45 45 296 0 168 8 240
46 45 296 0 168 16 480
47 45 297 0 168 8 240
48 45 297 0 168 16 480
49 38 300 0 288 6.4 192
50 65 1343 0 48 2.7 81
51 65 1329 0 72 3 30
52 50 695 0 216 1.5 30
53 56 506 0 168 4 40
54 65 1329 0 72 0.7 7
55 65 1284 0 72 6 240
56 3 397 0 72 8 160
57 3 1339 0 72 8 80
58 49 1111 0 288 5 150
59 34 847 0 432 8 240
60 16 1194 0 72 6.4 64
61 16 1194 0 72 6.4 64
62 9 242 0 72 6.4 64
63 10 335 0 72 6.4 64
64 11 267 0 72 6.4 64
65 12 1088 0 72 6.4 64
66 13 1080 0 72 6.4 64
67 14 506 0 72 6.4 64
68 15 369 0 72 6.4 64
69 17 506 0 72 6.4 64
70 18 506 0 72 6.4 64
71 20 466 0 72 6.4 64
72 21 466 0 72 6.4 64
73 22 432 0 72 6.4 64
74 50 1011 0 288 0.5 10
75 50 1003 0 288 0.5 10
76 38 341 0 72 1.6 16
77 42 1225 0 240 1 30
78 35 242 0 72 1 10
79 36 1194 0 72 2 20
80 36 1116 0 72 1.4 14
81 42 671 0 72 4 40
82 42 671 0 72 1 10
83 36 870 0 168 1 20
84 42 1221 0 168 3 30
85 41 357 0 240 12.8 128
86 43 432 0 72 12.8 128
87 35 242 0 72 0.3 3
88 35 242 0 72 0.3 3
89 3 398 0 72 4 40
90 3 392 0 528 2 60
91 3 393 0 528 2 60
92 3 394 0 528 2 60
93 3 395 0 528 2 60
94 3 396 0 528 2 60
95 3 946 0 72 4 160
96 3 946 0 528 2 80
97 26 1293 0 240 6 180
98 40 506 0 240 8 80
99 43 1133 0 72 6.4 64
100 56 1033 0 120 4 120
101 5 947 0 528 7.2 288
102 48 1241 0 24 6.4 64
103 59 1088 0 72 12.8 128
104 8 1133 0 72 6.4 64
105 6 1080 0 168 6.4 64
106 7 869 0 72 6.4 64
107 55 475 0 432 4 160
108 55 1086 0 432 4 160
109 63 139 0 168 7.2 144
110 63 141 0 168 7.2 144
111 39 671 0 72 7.2 72
112 4 1289 0 48 1.3 39
113 4 1289 0 48 1 30
114 36 869 0 168 7.2 72
115 37 1084 0 168 7.2 72
116 5 1097 0 216 7.2 288
117 61 181 0 144 7.2 216
118 49 1106 0 216 7.2 288
119 64 147 0 144 7.2 288
120 19 1241 0 72 7.2 72
121 4 1365 0 96 1.7 51
122 4 1365 0 96 1 30
123 4 1290 24 120 1 30
124 65 1289 24 72 1.8 54
125 25 1293 24 72 1.7 51
126 25 1293 24 72 1.7 51
127 25 1293 24 72 0.5 15
128 25 1293 24 72 0.5 15
129 25 1318 24 72 1.1 33
130 25 1318 24 72 1.1 33
131 25 1318 24 72 1.1 33
132 25 1318 24 72 1.1 33
133 26 1296 24 144 6 180
134 25 1296 24 72 1.8 54
135 25 1296 24 72 1.8 54
136 25 1296 24 72 1.1 33
137 25 1296 24 72 1.1 33
138 65 1287 24 72 1.8 54
139 65 1368 24 96 1.8 54
140 61 193 24 888 1.2 24
141 5 1194 24 192 9.4 94
142 5 506 24 216 12.8 128
143 50 891 24 672 2 60
144 50 885 24 672 2 60
145 53 257 24 144 8 240
146 38 242 24 96 3.2 32
147 1 383 24 384 1.5 45
148 54 1230 24 96 3.2 128
149 54 1230 24 96 12.8 512
150 46 580 24 96 8 240
151 46 580 24 96 16 480
152 46 415 24 264 16 480
153 46 415 24 264 40 1200
154 56 1082 24 144 6.4 256
155 56 1086 24 144 6.4 256
156 56 1087 24 144 6.4 256
157 52 360 24 192 4.1 164
158 52 361 24 192 4.1 164
159 65 1287 24 72 4 120
160 65 1345 24 72 2.9 87
161 57 16 24 96 3.2 96
162 57 16 24 96 3.2 96
163 57 36 24 96 3.2 96
164 57 36 24 96 3.2 96
165 57 37 24 96 3.2 96
166 57 37 24 96 3.2 96
167 57 38 24 96 3.2 96
168 57 38 24 96 3.2 96
169 51 1107 24 384 18 720
170 31 405 24 240 4 120
171 31 1150 24 240 4 120
172 31 1153 24 240 4 120
173 51 1046 24 192 3 90
174 51 1046 24 192 3 90
175 52 361 24 192 8 320
176 52 360 24 192 8 320
177 32 429 24 192 8 320
178 1 362 24 384 1.5 60
179 65 1370 24 96 7.2 216
180 65 1289 24 72 1.2 36
181 28 1321 24 216 7.2 216
182 32 423 24 552 3.2 96
183 32 425 24 552 3.2 96
184 34 848 24 456 8 240
185 25 1284 24 48 12.6 504
186 25 1318 24 72 7.2 216
187 25 1318 24 72 11.8 354
188 26 1318 24 72 2 60
189 65 1323 24 72 0.7 21
190 16 869 24 96 6.4 64
191 16 869 24 96 6.4 64
192 9 242 24 96 6.4 64
193 10 316 24 96 6.4 64
194 11 311 24 96 6.4 64
195 12 369 24 96 6.4 64
196 13 1084 24 96 6.4 64
197 14 391 24 96 6.4 64
198 15 506 24 96 6.4 64
199 17 671 24 96 6.4 64
200 18 671 24 96 6.4 64
201 20 1102 24 96 6.4 64
202 21 465 24 96 6.4 64
203 22 1133 24 96 6.4 64
204 22 1133 24 240 6.4 64
205 38 341 24 96 1.6 16
206 35 242 24 96 1 10
207 36 1194 24 96 2 20
208 36 1116 24 96 1.4 14
209 42 671 24 96 4 40
210 42 671 24 96 1 10
211 41 672 24 192 2 60
212 41 673 24 192 2 60
213 37 475 24 192 1 40
214 35 242 24 96 0.3 3
215 40 399 24 144 12.8 128
216 40 399 24 144 12.8 128
217 28 1324 24 168 7.2 216
218 65 1350 24 72 3.3 99
219 3 398 24 96 4 40
220 3 946 24 96 4 160
221 25 1293 24 264 5.8 174
222 25 1293 24 264 9.4 282
223 26 1293 24 264 2 60
224 27 1288 24 72 1 30
225 4 1288 24 120 1 30
226 25 1293 24 144 7.2 216
227 25 1290 24 144 7.2 216
228 25 1296 24 144 7.2 216
229 25 1293 24 264 7 210
230 48 1241 24 48 2 20
231 59 426 24 96 12.8 128
232 8 671 24 96 6.4 64
233 6 290 24 192 6.4 64
234 7 1221 24 360 7.2 72
235 65 1329 24 96 6 60
236 63 103 24 192 7.2 144
237 63 140 24 192 7.2 144
238 44 242 24 528 12.8 128
239 1 658 24 1632 2 80
240 1 428 24 1632 2 80
241 1 314 24 1632 2 80
242 1 1099 24 1632 2 80
243 1 315 24 1632 2 80
244 63 108 24 192 6.4 192
245 57 261 24 240 3.2 96
246 57 261 24 240 3.2 96
247 57 252 24 240 2 60
248 57 252 24 240 2 60
249 62 166 24 120 7.2 72
250 2 94 24 120 7.2 72
251 44 1241 24 192 7.2 72
252 60 1044 24 384 7.2 288
253 32 657 24 384 5 200
254 34 658 24 240 7.2 288
255 32 865 24 384 5 200
256 19 1194 24 96 7.2 72
257 33 682 24 456 7.2 144
258 65 1350 24 72 1.8 54
259 58 1363 24 120 7.2 216
260 24 1363 24 120 7.2 216
261 4 1343 48 144 1.2 36
262 65 1344 48 96 1.8 54
263 5 869 48 288 38.4 384
264 5 1241 48 168 9.6 96
265 50 907 48 696 2 60
266 50 897 48 696 2 60
267 50 903 48 696 2 60
268 29 280 48 264 1 30
269 30 1037 48 336 1.5 45
270 54 809 48 192 3.2 64
271 54 809 48 192 12.8 256
272 38 242 48 120 3.2 32
273 53 245 48 120 8 160
274 53 245 48 120 16 320
275 53 244 48 120 8 160
276 53 244 48 120 16 320
277 53 249 48 216 16 640
278 53 251 48 216 16 480
279 53 253 48 120 6 180
280 53 253 48 120 12 360
281 53 254 48 120 6 180
282 53 254 48 120 18 540
283 53 255 48 120 6 180
284 53 255 48 120 18 540
285 55 1082 48 576 2 80
286 55 1082 48 576 1 40
287 55 1106 48 576 2 80
288 55 1106 48 576 1 40
289 55 475 48 216 2 80
290 55 496 48 216 1 40
291 55 475 48 216 1 40
292 55 493 48 216 1 40
293 54 795 48 216 3.2 64
294 54 795 48 216 12.8 256
295 46 413 48 288 16 480
296 46 413 48 288 40 1200
297 46 418 48 288 16 480
298 46 418 48 288 40 1200
299 57 1110 48 216 3.2 128
300 57 1110 48 216 3.2 128
301 57 1097 48 216 3.2 128
302 57 1097 48 216 3.2 128
303 57 477 48 216 3.2 128
304 57 477 48 216 3.2 128
305 50 1120 48 312 1 20
306 50 706 48 264 1 20
307 46 424 48 288 16 480
308 46 424 48 288 40 1200
309 1 285 48 216 1.5 60
310 28 1316 48 192 4.3 129
311 28 1316 48 192 4.3 129
312 65 1286 48 96 4 120
313 57 49 48 216 3.2 96
314 57 49 48 216 3.2 96
315 57 53 48 408 3.2 96
316 57 53 48 408 3.2 96
317 57 66 48 216 2 60
318 57 66 48 216 2 60
319 57 27 48 216 2 60
320 57 27 48 216 2 60
321 57 28 48 216 2 60
322 57 28 48 216 2 60
323 51 1106 48 216 18 720
324 50 975 48 768 1 30
325 50 1275 48 408 2 60
326 51 1106 48 216 3 120
327 56 398 48 168 4 40
328 65 1329 48 120 1 10
329 16 1194 48 120 6.4 64
330 16 1194 48 120 6.4 64
331 9 242 48 120 6.4 64
332 10 305 48 120 6.4 64
333 11 357 48 120 6.4 64
334 12 1088 48 120 6.4 64
335 13 426 48 120 6.4 64
336 14 399 48 120 6.4 64
337 15 426 48 120 6.4 64
338 17 671 48 120 6.4 64
339 18 671 48 120 6.4 64
340 20 1102 48 120 6.4 64
341 21 480 48 120 6.4 64
342 38 341 48 120 1.6 16
343 16 1058 48 120 6.4 64
344 16 1058 48 120 6.4 64
345 42 1226 48 288 1 30
346 35 242 48 120 1 10
347 36 1194 48 120 2 20
348 36 1116 48 120 1.4 14
349 42 671 48 120 1 10
350 42 809 48 192 1 20
351 42 795 48 192 1 20
352 40 506 48 120 6.4 64
353 40 506 48 120 6.4 64
354 41 1088 48 288 6.4 64
355 35 242 48 120 0.3 3
356 35 242 48 120 0.3 3
357 3 398 48 120 4 40
358 3 946 48 120 4 160
359 48 1241 48 72 2 20
360 59 1102 48 120 12.8 128
361 8 1194 48 120 6.4 64
362 6 1080 48 216 7.2 72
363 7 1133 48 120 6.4 64
364 63 119 48 216 7.2 216
365 4 1357 48 144 1 30
366 61 196 48 192 27 540
367 41 426 48 216 7.2 72
368 57 1330 48 216 3.2 96
369 57 1330 48 216 3.2 96
370 4 1361 48 144 1 30
371 58 1357 48 240 7.2 216
372 4 1342 48 96 1.2 36
373 19 1194 48 120 7.2 72
374 49 1082 48 216 7.2 288
375 65 1363 48 96 1.8 54
376 65 1363 48 96 3.3 99
377 28 1342 48 432 7.2 216
378 4 1290 72 168 1.3 39
379 4 1287 72 168 1.3 39
380 50 914 72 288 1 20
381 50 914 72 288 1 20
382 50 915 72 288 1 20
383 50 915 72 288 1 20
384 29 249 72 288 1 30
385 29 249 72 288 1 30
386 29 249 72 288 1 30
387 29 249 72 288 1 30
388 29 249 72 288 1 30
389 30 1032 72 240 1.5 45
390 30 1035 72 240 1.5 45
391 30 1036 72 240 1.5 45
392 55 493 72 144 2 80
393 55 496 72 144 2 80
394 46 576 72 144 8 240
395 46 576 72 144 16 480
396 50 408 72 288 1 20
397 50 1153 72 288 1 30
398 50 1150 72 288 1 30
399 56 1050 72 192 12.8 512
400 65 1344 72 120 2.7 81
401 57 58 72 240 2 60
402 57 58 72 240 2 60
403 50 693 72 288 1.5 30
404 50 707 72 288 1.5 30
405 50 974 72 792 1 30
406 51 474 72 240 18 720
407 32 382 72 384 2 60
408 32 384 72 384 2 60
409 32 386 72 384 2 60
410 1 386 72 240 1.5 45
411 29 293 72 288 2 40
412 28 1315 72 264 5.6 168
413 28 1315 72 264 2.2 66
414 28 1315 72 456 6.6 198
415 16 869 72 144 6.4 64
416 16 869 72 144 6.4 64
417 9 242 72 144 6.4 64
418 10 335 72 144 6.4 64
419 11 357 72 144 6.4 64
420 11 357 72 144 6.4 64
421 12 1088 72 144 6.4 64
422 14 506 72 144 6.4 64
423 15 369 72 144 6.4 64
424 17 1133 72 144 6.4 64
425 18 671 72 144 6.4 64
426 20 466 72 144 6.4 64
427 21 480 72 144 6.4 64
428 38 341 72 144 1.6 16
429 35 242 72 144 1 10
430 36 1116 72 144 1.4 14
431 36 1116 72 144 1 10
432 42 671 72 144 1 10
433 41 466 72 144 6.4 64
434 41 426 72 144 6.4 64
435 41 427 72 240 2 60
436 4 1324 72 168 1 30
437 35 242 72 144 0.3 3
438 35 242 72 144 0.3 3
439 4 1286 72 168 1 30
440 3 398 72 144 4 40
441 3 946 72 144 4 160
442 3 398 72 144 8 80
443 26 1295 72 552 2 60
444 61 195 72 120 3 60
445 61 179 72 96 2 60
446 50 1145 72 504 7.2 216
447 61 216 72 72 5 100
448 61 189 72 936 1.2 24
449 25 1295 72 192 7.2 216
450 58 1366 72 216 7.2 216
451 58 1366 72 216 12.5 375
452 58 1366 72 216 2 60
453 58 1366 72 216 11.2 336
454 48 1241 72 96 2 20
455 59 466 72 144 12.8 128
456 4 1315 72 264 1 30
457 43 1133 72 144 6.4 64
458 43 1133 72 144 6.4 64
459 8 506 72 408 6.4 64
460 6 335 72 240 6.4 64
461 7 1133 72 408 7.2 72
462 65 1329 72 144 6 60
463 63 145 72 240 7.2 144
464 38 341 72 288 4 40
465 38 335 72 144 7.2 72
466 39 671 72 144 7.2 72
467 42 671 72 240 7.2 72
468 25 1288 72 264 7.2 216
469 37 492 72 240 7.2 144
470 60 96 72 432 7.2 72
471 60 81 72 432 7.2 288
472 60 1083 72 432 7.2 288
473 61 181 72 96 2 60
474 49 1107 72 360 7.2 288
475 49 1107 72 288 7.2 288
476 49 1107 72 504 7.2 288
477 49 1107 72 288 7.2 288
478 49 1107 72 288 7.2 288
479 49 1107 72 504 7.2 288
480 34 1236 72 288 7.2 288
481 34 1237 72 288 7.2 288
482 19 1194 72 144 7.2 72
483 61 182 72 144 3.5 105
484 61 182 72 96 2 60
485 33 240 72 288 7.2 144
486 65 1342 72 120 2.7 81
487 65 1329 72 120 7.2 72
488 28 1321 72 120 8.1 243
489 28 1321 72 120 44.4 1332
490 28 1321 72 336 3.6 108
491 23 671 72 144 7.2 72
492 23 671 72 144 7.2 72
493 23 671 72 144 7.2 72
494 23 671 72 144 7.2 72
495 23 671 72 144 7.2 72
496 4 1344 96 144 1.2 36
497 4 1350 96 192 1.7 51
498 50 900 96 312 1 20
499 50 900 96 312 1 20
500 30 1037 96 384 1.5 45
501 30 1037 96 384 1.5 45
502 30 1035 96 384 1.5 45
503 38 292 96 264 4 120
504 38 291 96 264 4 120
505 38 310 96 264 4 120
506 55 496 96 624 4 160
507 55 496 96 624 4 160
508 55 496 96 624 12.8 512
509 55 1106 96 264 1 40
510 55 1107 96 264 1 40
511 55 1105 96 264 1 40
512 55 474 96 264 2 80
513 55 474 96 264 1 40
514 1 384 96 456 1.5 45
515 46 395 96 264 6.4 192
516 46 395 96 264 12.8 384
517 47 1186 96 264 8 240
518 47 1186 96 264 16 480
519 47 1205 96 240 16 480
520 54 1232 96 168 3.2 128
521 54 1232 96 168 12.8 512
522 57 1096 96 264 3.2 128
523 57 1096 96 264 3.2 128
524 5 946 96 312 7.2 288
525 50 405 96 312 1 20
526 50 406 96 312 1 20
527 50 407 96 312 1 20
528 50 409 96 312 1 20
529 56 1043 96 216 25.6 1024
530 47 890 96 408 4 120
531 47 890 96 408 12 360
532 50 701 96 312 1.5 30
533 34 759 96 528 7.2 144
534 49 469 96 264 2 40
535 49 470 96 264 2 40
536 52 313 96 264 2 60
537 52 286 96 384 5 150
538 52 321 96 528 4 80
539 52 322 96 528 4 80
540 52 323 96 528 4 80
541 52 324 96 528 4 80
542 52 355 96 408 3 90
543 52 356 96 408 3 90
544 28 1345 96 288 16.4 492
545 65 1324 96 144 0.7 21
546 65 1358 96 144 1.8 54
547 65 1358 96 144 3.3 99
548 65 1326 96 144 0.7 21
549 49 1093 96 312 7.2 288
550 4 1355 120 216 1.7 51
551 4 1284 120 216 1.9 76
552 50 1128 120 1416 2 40
553 30 1037 120 288 1.5 45
554 30 1046 120 288 1.5 45
555 30 1057 120 1200 1.5 60
556 45 353 120 288 4 120
557 45 353 120 288 8 240
558 45 354 120 288 4 120
559 45 354 120 288 8 240
560 45 355 120 288 4 120
561 45 355 120 288 8 240
562 45 356 120 288 4 120
563 45 356 120 288 8 240
564 53 287 120 480 4 120
565 53 288 120 480 4 120
566 53 289 120 480 4 120
567 52 1020 120 480 16 640
568 54 1228 120 384 12.8 384
569 54 1233 120 192 3.2 128
570 54 1233 120 192 12.8 512
571 54 739 120 480 3.2 64
572 54 739 120 480 6.4 128
573 54 740 120 480 3.2 64
574 54 740 120 480 6.4 128
575 1 1096 120 480 1 20
576 1 1219 120 480 1 20
577 1 658 120 480 1 40
578 54 742 120 480 3.2 64
579 54 742 120 480 6.4 128
580 54 738 120 480 3.2 64
581 54 738 120 480 6.4 128
582 54 748 120 480 3.2 64
583 54 748 120 480 6.4 128
584 54 741 120 768 3.2 64
585 54 741 120 768 6.4 128
586 50 1226 120 648 1.5 45
587 50 1135 120 648 1.5 45
588 50 1136 120 648 1.5 45
589 50 1137 120 648 1.5 45
590 50 1138 120 648 1.5 45
591 50 1139 120 648 1.5 45
592 50 1140 120 648 1.5 45
593 50 1144 120 648 1.5 30
594 50 1145 120 648 1.5 30
595 50 1146 120 648 1.5 30
596 50 714 120 336 1.5 30
597 50 715 120 336 1.5 30
598 50 873 120 336 1.5 30
599 50 875 120 336 1.5 30
600 50 874 120 336 1.5 30

1 1 2 1632
2 2 1 1632
3 3 1 1632
4 3 1 1632
5 3 1 1632
6 4 2 1632
7 5 1 1632
8 5 1 1632
9 5 1 1632
10 6 1 1632
11 7 2 1632
12 8 2 1632
13 9 2 1632
14 10 2 1632
15 11 1 1632
16 12 2 1632
17 13 1 1632
18 14 2 1632
19 15 2 1632
20 16 1 1632
21 16 1 1632
22 17 2 1632
23 18 1 1632
24 19 2 1632
25 20 1 1632
26 21 2 1632
27 22 2 1632
28 23 2 1632
29 23 2 1632
30 24 1 1632
31 25 1 1632
32 25 1 1632
33 25 1 1632
34 25 1 1632
35 26 2 1632
36 27 1 1632
37 28 2 1632
38 28 2 1632
39 28 2 1632
40 28 2 1632
41 29 2 1632
42 30 1 1632
43 31 2 1632
44 32 2 1632
45 33 2 1632
46 34 1 1632
47 34 1 1632
48 35 2 1632
49 36 2 1632
50 37 1 1632
51 38 1 1632
52 38 1 1632
53 39 2 1632
54 40 2 1632
55 40 2 1632
56 41 1 1632
57 41 1 1632
58 42 2 1632
59 43 2 1632
60 44 1 1632
61 45 2 1632
62 45 2 1632
63 45 2 1632
64 45 2 1632
65 46 2 1632
66 46 2 1632
67 46 2 1632
68 46 2 1632
69 46 2 1632
70 46 2 1632
71 46 2 1632
72 46 2 1632
73 46 2 1632
74 46 2 1632
75 46 2 1632
76 47 2 1632
77 47 2 1632
78 47 2 1632
79 48 2 1632
80 48 2 1632
81 49 1 1632
82 49 1 1632
83 49 1 1632
84 50 1 1632
85 50 1 1632
86 50 1 1632
87 51 1 1632
88 51 1 1632
89 52 1 1632
90 52 1 1632
91 52 1 1632
92 53 2 1632
93 53 2 1632
94 53 2 1632
95 53 2 1632
96 53 2 1632
97 53 2 1632
98 54 2 1632
99 54 2 1632
100 54 2 1632
101 54 2 1632
102 54 2 1632
103 54 2 1632
104 54 2 1632
105 55 2 1632
106 55 2 1632
107 56 2 1632
108 56 2 1632
109 56 2 1632
110 57 1 1632
111 57 1 1632
112 57 1 1632
113 58 1 1632
114 58 1 1632
115 59 1 1632
116 59 1 1632
117 60 1 1632
118 61 2 1632
119 61 2 1632
120 62 1 1632
121 63 2 1632
122 63 2 1632
123 64 1 1632
124 65 2 1632
125 65 2 1632
126 65 2 1632
