# STEP 3 (v3) — Coelho's ORIGINAL instance solved with OUR objective
# per-job rho draws regenerated at runtime (seed=42, row order); mean_V computed at solve time
# Instance 16 — LTPMSP_04_00600_00077_00215.txt  theta_inst=0.002508
# Total objective: 37.0062  (base=23.0000 + degradation=14.0062)
# Gap: 0.0000%   Status: OPTIMAL
# Q=215 N=600 M=77 BIG_M=1296.0
#
# --- y[i]: job internally-scheduled indicator ---
y 0 1
y 1 1
y 2 1
y 3 1
y 4 1
y 5 1
y 6 1
y 7 1
y 8 1
y 9 1
y 10 1
y 11 1
y 12 1
y 13 1
y 14 1
y 15 1
y 16 1
y 17 1
y 18 1
y 19 1
y 20 1
y 21 1
y 22 1
y 23 1
y 24 1
y 25 1
y 26 1
y 27 1
y 28 1
y 29 1
y 30 1
y 31 1
y 32 1
y 33 1
y 34 1
y 35 1
y 36 1
y 37 1
y 38 1
y 39 1
y 40 1
y 41 1
y 42 1
y 43 1
y 44 1
y 45 1
y 46 1
y 47 1
y 48 1
y 49 1
y 50 1
y 51 1
y 52 1
y 53 1
y 54 1
y 55 1
y 56 1
y 57 1
y 58 1
y 59 1
y 60 1
y 61 1
y 62 1
y 63 1
y 64 1
y 65 1
y 66 1
y 67 1
y 68 1
y 69 1
y 70 1
y 71 1
y 72 1
y 73 1
y 74 1
y 75 1
y 76 1
y 77 1
y 78 1
y 79 1
y 80 1
y 81 1
y 82 1
y 83 1
y 84 1
y 85 1
y 86 1
y 87 1
y 88 1
y 89 1
y 90 1
y 91 1
y 92 1
y 93 1
y 94 1
y 95 1
y 96 1
y 97 1
y 98 1
y 99 1
y 100 1
y 101 1
y 102 1
y 103 1
y 104 1
y 105 1
y 106 1
y 107 1
y 108 1
y 109 1
y 110 1
y 111 1
y 112 1
y 113 1
y 114 1
y 115 1
y 116 1
y 117 1
y 118 1
y 119 1
y 120 1
y 121 1
y 122 1
y 123 1
y 124 1
y 125 1
y 126 1
y 127 1
y 128 1
y 129 1
y 130 1
y 131 1
y 132 1
y 133 1
y 134 1
y 135 1
y 136 1
y 137 1
y 138 1
y 139 1
y 140 1
y 141 1
y 142 1
y 143 1
y 144 1
y 145 1
y 146 1
y 147 1
y 148 1
y 149 1
y 150 1
y 151 1
y 152 1
y 153 1
y 154 1
y 155 1
y 156 1
y 157 1
y 158 1
y 159 1
y 160 1
y 161 1
y 162 1
y 163 1
y 164 1
y 165 1
y 166 1
y 167 1
y 168 1
y 169 1
y 170 1
y 171 1
y 172 1
y 173 1
y 174 1
y 175 1
y 176 1
y 177 1
y 178 1
y 179 1
y 180 1
y 181 1
y 182 1
y 183 1
y 184 1
y 185 1
y 186 1
y 187 1
y 188 1
y 189 1
y 190 1
y 191 1
y 192 1
y 193 1
y 194 1
y 195 1
y 196 1
y 197 1
y 198 1
y 199 1
y 200 1
y 201 1
y 202 1
y 203 1
y 204 1
y 205 1
y 206 1
y 207 1
y 208 1
y 209 1
y 210 1
y 211 1
y 212 1
y 213 1
y 214 1
y 215 1
y 216 1
y 217 1
y 218 1
y 219 1
y 220 1
y 221 1
y 222 1
y 223 1
y 224 1
y 225 1
y 226 1
y 227 1
y 228 1
y 229 1
y 230 1
y 231 1
y 232 1
y 233 1
y 234 1
y 235 1
y 236 1
y 237 1
y 238 1
y 239 1
y 240 1
y 241 1
y 242 1
y 243 1
y 244 1
y 245 1
y 246 1
y 247 1
y 248 1
y 249 1
y 250 1
y 251 1
y 252 1
y 253 1
y 254 1
y 255 1
y 256 1
y 257 1
y 258 1
y 259 1
y 260 1
y 261 1
y 262 1
y 263 1
y 264 1
y 265 1
y 266 1
y 267 1
y 268 1
y 269 1
y 270 1
y 271 1
y 272 1
y 273 1
y 274 1
y 275 1
y 276 1
y 277 1
y 278 1
y 279 1
y 280 1
y 281 1
y 282 1
y 283 1
y 284 1
y 285 1
y 286 1
y 287 1
y 288 1
y 289 1
y 290 1
y 291 1
y 292 1
y 293 1
y 294 1
y 295 1
y 296 1
y 297 1
y 298 1
y 299 1
y 300 1
y 301 1
y 302 1
y 303 1
y 304 1
y 305 1
y 306 1
y 307 1
y 308 1
y 309 1
y 310 1
y 311 1
y 312 1
y 313 1
y 314 1
y 315 1
y 316 1
y 317 1
y 318 1
y 319 1
y 320 1
y 321 1
y 322 1
y 323 1
y 324 1
y 325 1
y 326 1
y 327 1
y 328 1
y 329 1
y 330 1
y 331 1
y 332 1
y 333 1
y 334 1
y 335 1
y 336 1
y 337 1
y 338 1
y 339 1
y 340 1
y 341 1
y 342 1
y 343 1
y 344 1
y 345 1
y 346 1
y 347 1
y 348 1
y 349 1
y 350 1
y 351 1
y 352 1
y 353 1
y 354 1
y 355 1
y 356 1
y 357 1
y 358 1
y 359 1
y 360 1
y 361 1
y 362 1
y 363 1
y 364 1
y 365 1
y 366 1
y 367 1
y 368 1
y 369 1
y 370 1
y 371 1
y 372 1
y 373 1
y 374 1
y 375 1
y 376 1
y 377 1
y 378 1
y 379 1
y 380 1
y 381 1
y 382 1
y 383 1
y 384 1
y 385 1
y 386 1
y 387 1
y 388 1
y 389 1
y 390 1
y 391 1
y 392 1
y 393 1
y 394 1
y 395 1
y 396 1
y 397 1
y 398 1
y 399 1
y 400 1
y 401 1
y 402 1
y 403 1
y 404 1
y 405 1
y 406 1
y 407 1
y 408 1
y 409 1
y 410 1
y 411 1
y 412 1
y 413 1
y 414 1
y 415 1
y 416 1
y 417 1
y 418 1
y 419 1
y 420 1
y 421 1
y 422 1
y 423 1
y 424 1
y 425 1
y 426 1
y 427 1
y 428 1
y 429 1
y 430 1
y 431 1
y 432 1
y 433 1
y 434 1
y 435 1
y 436 1
y 437 1
y 438 1
y 439 1
y 440 1
y 441 1
y 442 1
y 443 1
y 444 1
y 445 1
y 446 1
y 447 1
y 448 1
y 449 1
y 450 1
y 451 1
y 452 1
y 453 1
y 454 1
y 455 1
y 456 1
y 457 1
y 458 1
y 459 1
y 460 1
y 461 1
y 462 1
y 463 1
y 464 1
y 465 1
y 466 1
y 467 1
y 468 1
y 469 1
y 470 1
y 471 1
y 472 1
y 473 1
y 474 1
y 475 1
y 476 1
y 477 1
y 478 1
y 479 1
y 480 1
y 481 1
y 482 1
y 483 1
y 484 1
y 485 1
y 486 1
y 487 1
y 488 1
y 489 1
y 490 1
y 491 1
y 492 1
y 493 1
y 494 1
y 495 1
y 496 1
y 497 1
y 498 1
y 499 1
y 500 1
y 501 1
y 502 1
y 503 1
y 504 1
y 505 1
y 506 1
y 507 1
y 508 1
y 509 1
y 510 1
y 511 1
y 512 1
y 513 1
y 514 1
y 515 1
y 516 1
y 517 1
y 518 1
y 519 1
y 520 1
y 521 1
y 522 1
y 523 1
y 524 1
y 525 1
y 526 1
y 527 1
y 528 1
y 529 1
y 530 1
y 531 1
y 532 1
y 533 1
y 534 1
y 535 1
y 536 1
y 537 1
y 538 1
y 539 1
y 540 1
y 541 1
y 542 1
y 543 1
y 544 1
y 545 1
y 546 1
y 547 1
y 548 1
y 549 1
y 550 1
y 551 1
y 552 1
y 553 1
y 554 1
y 555 1
y 556 1
y 557 1
y 558 1
y 559 1
y 560 1
y 561 1
y 562 1
y 563 1
y 564 1
y 565 1
y 566 1
y 567 1
y 568 1
y 569 1
y 570 1
y 571 1
y 572 1
y 573 1
y 574 1
y 575 1
y 576 1
y 577 1
y 578 1
y 579 1
y 580 1
y 581 1
y 582 1
y 583 1
y 584 1
y 585 1
y 586 1
y 587 1
y 588 1
y 589 1
y 590 1
y 591 1
y 592 1
y 593 1
y 594 1
y 595 1
y 596 1
y 597 1
y 598 1
y 599 1
# --- x[i,k]: job-to-crew assignment (only pairs with x=1 listed) ---
x 0 1 1
x 1 1 1
x 2 4 1
x 3 4 1
x 4 4 1
x 5 4 1
x 6 4 1
x 7 4 1
x 8 4 1
x 9 4 1
x 10 4 1
x 11 4 1
x 12 4 1
x 13 4 1
x 14 4 1
x 15 4 1
x 16 4 1
x 17 4 1
x 18 4 1
x 19 61 1
x 20 19 1
x 21 19 1
x 22 19 1
x 23 19 1
x 24 19 1
x 25 19 1
x 26 19 1
x 27 19 1
x 28 19 1
x 29 50 1
x 30 50 1
x 31 19 1
x 32 50 1
x 33 19 1
x 34 50 1
x 35 50 1
x 36 19 1
x 37 19 1
x 38 19 1
x 39 50 1
x 40 19 1
x 41 19 1
x 42 19 1
x 43 19 1
x 44 50 1
x 45 50 1
x 46 50 1
x 47 19 1
x 48 19 1
x 49 50 1
x 50 50 1
x 51 50 1
x 52 50 1
x 53 50 1
x 54 19 1
x 55 50 1
x 56 50 1
x 57 50 1
x 58 50 1
x 59 50 1
x 60 19 1
x 61 50 1
x 62 50 1
x 63 50 1
x 64 19 1
x 65 19 1
x 66 50 1
x 67 19 1
x 68 50 1
x 69 50 1
x 70 50 1
x 71 19 1
x 72 19 1
x 73 19 1
x 74 50 1
x 75 50 1
x 76 50 1
x 77 50 1
x 78 50 1
x 79 19 1
x 80 50 1
x 81 19 1
x 82 50 1
x 83 50 1
x 84 19 1
x 85 19 1
x 86 50 1
x 87 50 1
x 88 50 1
x 89 50 1
x 90 13 1
x 91 12 1
x 92 69 1
x 93 50 1
x 94 50 1
x 95 50 1
x 96 50 1
x 97 56 1
x 98 56 1
x 99 12 1
x 100 61 1
x 101 18 1
x 102 18 1
x 103 61 1
x 104 61 1
x 105 61 1
x 106 61 1
x 107 67 1
x 108 67 1
x 109 67 1
x 110 67 1
x 111 67 1
x 112 1 1
x 113 69 1
x 114 1 1
x 115 69 1
x 116 1 1
x 117 4 1
x 118 4 1
x 119 4 1
x 120 4 1
x 121 4 1
x 122 4 1
x 123 4 1
x 124 4 1
x 125 4 1
x 126 4 1
x 127 4 1
x 128 4 1
x 129 4 1
x 130 4 1
x 131 4 1
x 132 4 1
x 133 4 1
x 134 4 1
x 135 4 1
x 136 4 1
x 137 4 1
x 138 4 1
x 139 4 1
x 140 4 1
x 141 4 1
x 142 4 1
x 143 4 1
x 144 4 1
x 145 4 1
x 146 4 1
x 147 4 1
x 148 4 1
x 149 4 1
x 150 4 1
x 151 4 1
x 152 4 1
x 153 4 1
x 154 4 1
x 155 4 1
x 156 4 1
x 157 4 1
x 158 4 1
x 159 4 1
x 160 4 1
x 161 4 1
x 162 4 1
x 163 4 1
x 164 4 1
x 165 4 1
x 166 4 1
x 167 4 1
x 168 4 1
x 169 4 1
x 170 4 1
x 171 4 1
x 172 4 1
x 173 4 1
x 174 4 1
x 175 4 1
x 176 72 1
x 177 72 1
x 178 1 1
x 179 10 1
x 180 10 1
x 181 17 1
x 182 17 1
x 183 17 1
x 184 17 1
x 185 15 1
x 186 15 1
x 187 15 1
x 188 15 1
x 189 15 1
x 190 13 1
x 191 12 1
x 192 72 1
x 193 72 1
x 194 12 1
x 195 12 1
x 196 63 1
x 197 64 1
x 198 61 1
x 199 76 1
x 200 1 1
x 201 1 1
x 202 3 1
x 203 61 1
x 204 72 1
x 205 72 1
x 206 72 1
x 207 72 1
x 208 3 1
x 209 13 1
x 210 12 1
x 211 12 1
x 212 56 1
x 213 56 1
x 214 61 1
x 215 61 1
x 216 19 1
x 217 19 1
x 218 67 1
x 219 1 1
x 220 1 1
x 221 1 1
x 222 4 1
x 223 4 1
x 224 4 1
x 225 0 1
x 226 1 1
x 227 13 1
x 228 13 1
x 229 72 1
x 230 72 1
x 231 72 1
x 232 72 1
x 233 56 1
x 234 56 1
x 235 72 1
x 236 72 1
x 237 72 1
x 238 69 1
x 239 61 1
x 240 72 1
x 241 69 1
x 242 1 1
x 243 61 1
x 244 72 1
x 245 69 1
x 246 72 1
x 247 72 1
x 248 56 1
x 249 56 1
x 250 15 1
x 251 15 1
x 252 12 1
x 253 66 1
x 254 66 1
x 255 69 1
x 256 61 1
x 257 61 1
x 258 69 1
x 259 3 1
x 260 61 1
x 261 61 1
x 262 61 1
x 263 50 1
x 264 19 1
x 265 50 1
x 266 50 1
x 267 50 1
x 268 19 1
x 269 19 1
x 270 50 1
x 271 50 1
x 272 19 1
x 273 19 1
x 274 19 1
x 275 19 1
x 276 19 1
x 277 19 1
x 278 19 1
x 279 50 1
x 280 19 1
x 281 19 1
x 282 50 1
x 283 19 1
x 284 19 1
x 285 19 1
x 286 50 1
x 287 50 1
x 288 50 1
x 289 4 1
x 290 72 1
x 291 72 1
x 292 3 1
x 293 76 1
x 294 56 1
x 295 56 1
x 296 56 1
x 297 56 1
x 298 12 1
x 299 12 1
x 300 66 1
x 301 1 1
x 302 72 1
x 303 69 1
x 304 1 1
x 305 0 1
x 306 66 1
x 307 66 1
x 308 66 1
x 309 61 1
x 310 50 1
x 311 19 1
x 312 19 1
x 313 50 1
x 314 50 1
x 315 19 1
x 316 19 1
x 317 50 1
x 318 19 1
x 319 19 1
x 320 19 1
x 321 19 1
x 322 50 1
x 323 19 1
x 324 72 1
x 325 10 1
x 326 15 1
x 327 15 1
x 328 15 1
x 329 56 1
x 330 56 1
x 331 76 1
x 332 13 1
x 333 61 1
x 334 61 1
x 335 61 1
x 336 61 1
x 337 61 1
x 338 3 1
x 339 3 1
x 340 65 1
x 341 65 1
x 342 65 1
x 343 65 1
x 344 65 1
x 345 65 1
x 346 65 1
x 347 65 1
x 348 65 1
x 349 50 1
x 350 50 1
x 351 19 1
x 352 50 1
x 353 50 1
x 354 50 1
x 355 19 1
x 356 50 1
x 357 50 1
x 358 19 1
x 359 50 1
x 360 1 1
x 361 1 1
x 362 1 1
x 363 3 1
x 364 69 1
x 365 61 1
x 366 19 1
x 367 50 1
x 368 19 1
x 369 19 1
x 370 50 1
x 371 19 1
x 372 50 1
x 373 50 1
x 374 50 1
x 375 50 1
x 376 19 1
x 377 50 1
x 378 50 1
x 379 19 1
x 380 50 1
x 381 19 1
x 382 50 1
x 383 50 1
x 384 19 1
x 385 19 1
x 386 19 1
x 387 19 1
x 388 19 1
x 389 19 1
x 390 50 1
x 391 50 1
x 392 19 1
x 393 50 1
x 394 50 1
x 395 50 1
x 396 19 1
x 397 50 1
x 398 50 1
x 399 19 1
x 400 50 1
x 401 50 1
x 402 19 1
x 403 19 1
x 404 50 1
x 405 19 1
x 406 19 1
x 407 19 1
x 408 19 1
x 409 19 1
x 410 50 1
x 411 19 1
x 412 19 1
x 413 19 1
x 414 19 1
x 415 50 1
x 416 50 1
x 417 50 1
x 418 50 1
x 419 19 1
x 420 50 1
x 421 19 1
x 422 19 1
x 423 50 1
x 424 50 1
x 425 50 1
x 426 50 1
x 427 50 1
x 428 19 1
x 429 50 1
x 430 50 1
x 431 50 1
x 432 50 1
x 433 50 1
x 434 50 1
x 435 19 1
x 436 72 1
x 437 72 1
x 438 72 1
x 439 72 1
x 440 72 1
x 441 72 1
x 442 72 1
x 443 72 1
x 444 72 1
x 445 72 1
x 446 13 1
x 447 12 1
x 448 12 1
x 449 50 1
x 450 50 1
x 451 19 1
x 452 50 1
x 453 56 1
x 454 56 1
x 455 66 1
x 456 13 1
x 457 61 1
x 458 18 1
x 459 18 1
x 460 61 1
x 461 61 1
x 462 61 1
x 463 61 1
x 464 67 1
x 465 67 1
x 466 67 1
x 467 67 1
x 468 67 1
x 469 3 1
x 470 1 1
x 471 66 1
x 472 4 1
x 473 0 1
x 474 4 1
x 475 4 1
x 476 4 1
x 477 4 1
x 478 4 1
x 479 4 1
x 480 4 1
x 481 4 1
x 482 4 1
x 483 4 1
x 484 4 1
x 485 4 1
x 486 4 1
x 487 4 1
x 488 4 1
x 489 4 1
x 490 4 1
x 491 4 1
x 492 4 1
x 493 4 1
x 494 4 1
x 495 4 1
x 496 4 1
x 497 4 1
x 498 4 1
x 499 4 1
x 500 4 1
x 501 4 1
x 502 4 1
x 503 4 1
x 504 4 1
x 505 4 1
x 506 4 1
x 507 4 1
x 508 4 1
x 509 4 1
x 510 4 1
x 511 4 1
x 512 4 1
x 513 4 1
x 514 4 1
x 515 4 1
x 516 4 1
x 517 4 1
x 518 4 1
x 519 4 1
x 520 4 1
x 521 4 1
x 522 4 1
x 523 4 1
x 524 4 1
x 525 4 1
x 526 4 1
x 527 4 1
x 528 4 1
x 529 4 1
x 530 4 1
x 531 4 1
x 532 61 1
x 533 72 1
x 534 1 1
x 535 10 1
x 536 10 1
x 537 17 1
x 538 17 1
x 539 17 1
x 540 17 1
x 541 15 1
x 542 15 1
x 543 15 1
x 544 15 1
x 545 15 1
x 546 13 1
x 547 12 1
x 548 63 1
x 549 64 1
x 550 3 1
x 551 69 1
x 552 3 1
x 553 1 1
x 554 1 1
x 555 72 1
x 556 13 1
x 557 12 1
x 558 12 1
x 559 56 1
x 560 56 1
x 561 56 1
x 562 56 1
x 563 56 1
x 564 56 1
x 565 56 1
x 566 56 1
x 567 56 1
x 568 56 1
x 569 61 1
x 570 61 1
x 571 67 1
x 572 1 1
x 573 3 1
x 574 69 1
x 575 75 1
x 576 1 1
x 577 1 1
x 578 1 1
x 579 1 1
x 580 4 1
x 581 4 1
x 582 4 1
x 583 4 1
x 584 1 1
x 585 61 1
x 586 13 1
x 587 13 1
x 588 72 1
x 589 72 1
x 590 72 1
x 591 72 1
x 592 3 1
x 593 3 1
x 594 56 1
x 595 56 1
x 596 61 1
x 597 61 1
x 598 1 1
x 599 1 1
# --- z[k]: crew activation indicator ---
z 0 1
z 1 1
z 2 0
z 3 1
z 4 1
z 5 0
z 6 0
z 7 0
z 8 0
z 9 0
z 10 1
z 11 0
z 12 1
z 13 1
z 14 0
z 15 1
z 16 0
z 17 1
z 18 1
z 19 1
z 20 0
z 21 0
z 22 0
z 23 0
z 24 0
z 25 0
z 26 0
z 27 0
z 28 0
z 29 0
z 30 0
z 31 0
z 32 0
z 33 0
z 34 0
z 35 0
z 36 0
z 37 0
z 38 0
z 39 0
z 40 0
z 41 0
z 42 0
z 43 0
z 44 0
z 45 0
z 46 0
z 47 0
z 48 0
z 49 0
z 50 1
z 51 0
z 52 0
z 53 0
z 54 0
z 55 0
z 56 1
z 57 0
z 58 0
z 59 0
z 60 0
z 61 1
z 62 0
z 63 1
z 64 1
z 65 1
z 66 1
z 67 1
z 68 0
z 69 1
z 70 0
z 71 0
z 72 1
z 73 0
z 74 0
z 75 1
z 76 1
# --- t[i]: scheduled start time ---
t 0 0.0000
t 1 0.0000
t 2 0.0000
t 3 0.0000
t 4 3.5000
t 5 7.0000
t 6 0.0000
t 7 0.0000
t 8 0.0000
t 9 3.5000
t 10 0.0000
t 11 0.0000
t 12 0.0000
t 13 161.0000
t 14 164.5000
t 15 161.0000
t 16 164.5000
t 17 0.0000
t 18 0.0000
t 19 0.0000
t 20 0.0000
t 21 0.0000
t 22 59.0000
t 23 59.0000
t 24 59.0000
t 25 59.0000
t 26 0.0000
t 27 0.0000
t 28 0.0000
t 29 0.0000
t 30 0.0000
t 31 0.0000
t 32 0.0000
t 33 0.0000
t 34 0.0000
t 35 0.0000
t 36 59.0000
t 37 0.0000
t 38 11.0000
t 39 0.0000
t 40 0.0000
t 41 0.0000
t 42 0.0000
t 43 0.0000
t 44 0.0000
t 45 0.0000
t 46 0.0000
t 47 0.0000
t 48 0.0000
t 49 0.0000
t 50 0.0000
t 51 0.0000
t 52 59.0000
t 53 0.0000
t 54 0.0000
t 55 0.0000
t 56 0.0000
t 57 0.0000
t 58 0.0000
t 59 0.0000
t 60 0.0000
t 61 0.0000
t 62 0.0000
t 63 0.0000
t 64 0.0000
t 65 0.0000
t 66 0.0000
t 67 0.0000
t 68 0.0000
t 69 0.0000
t 70 0.0000
t 71 0.0000
t 72 0.0000
t 73 0.0000
t 74 0.0000
t 75 0.0000
t 76 0.0000
t 77 0.0000
t 78 0.0000
t 79 0.0000
t 80 0.0000
t 81 59.0000
t 82 59.0000
t 83 59.0000
t 84 0.0000
t 85 59.0000
t 86 59.0000
t 87 0.0000
t 88 59.0000
t 89 0.0000
t 90 0.0000
t 91 1.6000
t 92 0.0000
t 93 68.0000
t 94 70.0000
t 95 25.0000
t 96 0.0000
t 97 3.0000
t 98 0.0000
t 99 33.2000
t 100 0.0000
t 101 28.8000
t 102 0.0000
t 103 21.6000
t 104 14.4000
t 105 7.2000
t 106 0.0000
t 107 0.0000
t 108 0.0000
t 109 0.0000
t 110 0.0000
t 111 0.0000
t 112 24.0000
t 113 116.4000
t 114 69.6000
t 115 24.0000
t 116 24.0000
t 117 25.5000
t 118 24.0000
t 119 34.5000
t 120 56.0000
t 121 24.0000
t 122 24.0000
t 123 56.0000
t 124 24.0000
t 125 24.0000
t 126 56.0000
t 127 24.0000
t 128 24.0000
t 129 24.0000
t 130 24.0000
t 131 24.0000
t 132 24.0000
t 133 24.0000
t 134 31.2000
t 135 24.0000
t 136 24.0000
t 137 24.0000
t 138 24.0000
t 139 24.0000
t 140 24.0000
t 141 24.0000
t 142 24.0000
t 143 24.0000
t 144 24.0000
t 145 24.0000
t 146 24.0000
t 147 24.0000
t 148 24.0000
t 149 24.0000
t 150 24.0000
t 151 24.0000
t 152 24.0000
t 153 87.3000
t 154 24.0000
t 155 24.0000
t 156 24.0000
t 157 24.0000
t 158 24.0000
t 159 24.0000
t 160 24.0000
t 161 24.0000
t 162 94.5000
t 163 24.0000
t 164 24.0000
t 165 24.0000
t 166 24.0000
t 167 24.0000
t 168 93.0000
t 169 24.0000
t 170 24.0000
t 171 24.0000
t 172 24.0000
t 173 24.0000
t 174 56.0000
t 175 24.0000
t 176 24.0000
t 177 203.2000
t 178 24.0000
t 179 24.0000
t 180 40.8000
t 181 59.4000
t 182 58.0000
t 183 53.0000
t 184 41.6000
t 185 28.0000
t 186 35.2000
t 187 48.0000
t 188 24.0000
t 189 37.2000
t 190 43.6000
t 191 24.0000
t 192 24.0000
t 193 209.6000
t 194 24.0000
t 195 31.2000
t 196 31.2000
t 197 88.8000
t 198 24.0000
t 199 24.0000
t 200 93.6000
t 201 48.0000
t 202 143.0000
t 203 48.0000
t 204 48.0000
t 205 80.6000
t 206 48.0000
t 207 74.4000
t 208 143.1000
t 209 50.8000
t 210 55.2000
t 211 48.0000
t 212 52.0000
t 213 48.0000
t 214 55.2000
t 215 48.0000
t 216 48.0000
t 217 48.0000
t 218 48.0000
t 219 72.0000
t 220 72.0000
t 221 72.0000
t 222 84.8000
t 223 78.4000
t 224 72.0000
t 225 72.0000
t 226 72.0000
t 227 131.2000
t 228 137.6000
t 229 113.6000
t 230 72.0000
t 231 96.0001
t 232 72.0000
t 233 78.4000
t 234 72.0000
t 235 251.2000
t 236 75.6000
t 237 235.8000
t 238 72.0000
t 239 72.0000
t 240 72.0000
t 241 96.0000
t 242 96.0000
t 243 96.0000
t 244 96.0000
t 245 96.0000
t 246 99.0000
t 247 96.0000
t 248 97.6000
t 249 96.0000
t 250 99.0000
t 251 96.0000
t 252 97.0000
t 253 96.0000
t 254 96.0000
t 255 121.0000
t 256 96.0000
t 257 181.0000
t 258 120.0000
t 259 120.0000
t 260 120.0000
t 261 120.0000
t 262 120.0000
t 263 120.0000
t 264 120.0000
t 265 120.0000
t 266 179.0000
t 267 179.0000
t 268 151.2000
t 269 120.0000
t 270 120.0000
t 271 120.0000
t 272 120.0000
t 273 179.0000
t 274 151.2000
t 275 120.0000
t 276 120.0000
t 277 179.0000
t 278 120.0000
t 279 120.0000
t 280 120.0000
t 281 120.0000
t 282 120.0000
t 283 120.0000
t 284 120.0000
t 285 179.0000
t 286 120.0000
t 287 120.0000
t 288 120.0000
t 289 181.0000
t 290 120.0000
t 291 120.0000
t 292 120.0000
t 293 120.0000
t 294 188.0000
t 295 184.0000
t 296 124.0000
t 297 120.0000
t 298 122.0000
t 299 120.0000
t 300 120.0000
t 301 144.0000
t 302 144.0000
t 303 144.0000
t 304 189.6000
t 305 188.0000
t 306 144.0000
t 307 144.0000
t 308 144.0000
t 309 144.0000
t 310 151.2000
t 311 203.0000
t 312 203.0000
t 313 144.0000
t 314 151.2000
t 315 203.0000
t 316 203.0000
t 317 203.0000
t 318 203.0000
t 319 203.0000
t 320 203.0000
t 321 203.0000
t 322 203.0000
t 323 203.0000
t 324 144.0000
t 325 144.0000
t 326 144.0000
t 327 151.2000
t 328 216.0001
t 329 146.4000
t 330 144.0000
t 331 144.0000
t 332 144.0000
t 333 144.0000
t 334 144.0000
t 335 144.0000
t 336 144.0000
t 337 144.0000
t 338 144.0000
t 339 144.0000
t 340 144.0000
t 341 144.0000
t 342 193.5000
t 343 193.5000
t 344 193.5000
t 345 193.5000
t 346 193.5000
t 347 144.0000
t 348 144.0000
t 349 158.4000
t 350 158.4000
t 351 151.2000
t 352 151.2000
t 353 151.2000
t 354 151.2000
t 355 144.0000
t 356 144.0000
t 357 144.0000
t 358 144.0000
t 359 144.0000
t 360 168.0000
t 361 168.0000
t 362 168.0000
t 363 168.0000
t 364 260.4000
t 365 240.0001
t 366 168.0000
t 367 168.0000
t 368 227.0000
t 369 227.0000
t 370 227.0000
t 371 227.0000
t 372 168.0000
t 373 227.0000
t 374 168.0000
t 375 227.0000
t 376 168.0000
t 377 168.0000
t 378 168.0000
t 379 168.0000
t 380 168.0000
t 381 168.0000
t 382 227.0000
t 383 168.0000
t 384 179.0000
t 385 168.0000
t 386 168.0000
t 387 168.0000
t 388 168.0000
t 389 227.0000
t 390 168.0000
t 391 168.0000
t 392 227.0000
t 393 168.0000
t 394 168.0000
t 395 227.0000
t 396 227.0000
t 397 168.0000
t 398 227.0000
t 399 227.0000
t 400 168.0000
t 401 168.0000
t 402 168.0000
t 403 168.0000
t 404 168.0000
t 405 168.0000
t 406 168.0000
t 407 168.0000
t 408 168.0000
t 409 168.0000
t 410 168.0000
t 411 168.0000
t 412 168.0000
t 413 168.0000
t 414 168.0000
t 415 168.0000
t 416 168.0000
t 417 168.0000
t 418 227.0000
t 419 168.0000
t 420 168.0000
t 421 168.0000
t 422 168.0000
t 423 168.0000
t 424 168.0000
t 425 168.0000
t 426 168.0000
t 427 227.0000
t 428 227.0000
t 429 227.0000
t 430 168.0000
t 431 227.0000
t 432 227.0000
t 433 168.0000
t 434 227.0000
t 435 168.0000
t 436 258.0000
t 437 168.0000
t 438 220.0000
t 439 245.0000
t 440 204.8000
t 441 171.0000
t 442 176.0000
t 443 257.6000
t 444 168.0000
t 445 168.0000
t 446 168.0000
t 447 178.4000
t 448 171.2000
t 449 170.0000
t 450 168.0000
t 451 169.6000
t 452 168.0000
t 453 171.0000
t 454 168.0000
t 455 168.0000
t 456 168.0000
t 457 168.0000
t 458 196.8000
t 459 168.0000
t 460 189.6000
t 461 182.4000
t 462 175.2000
t 463 168.0000
t 464 168.0000
t 465 168.0000
t 466 168.0000
t 467 168.0000
t 468 168.0000
t 469 192.0000
t 470 237.6000
t 471 192.0000
t 472 193.5000
t 473 205.5000
t 474 192.0000
t 475 202.5000
t 476 192.0000
t 477 192.0000
t 478 224.0000
t 479 192.0000
t 480 224.0000
t 481 192.0000
t 482 192.0000
t 483 192.0000
t 484 199.7000
t 485 192.0000
t 486 192.0000
t 487 192.0000
t 488 199.7000
t 489 192.0000
t 490 199.2000
t 491 199.7000
t 492 192.0000
t 493 192.0000
t 494 199.7000
t 495 192.0000
t 496 192.0000
t 497 199.7000
t 498 192.0000
t 499 199.7000
t 500 192.0000
t 501 192.0000
t 502 192.0000
t 503 192.0000
t 504 192.0000
t 505 192.0000
t 506 192.0000
t 507 192.0000
t 508 192.0000
t 509 262.5000
t 510 192.0000
t 511 192.0000
t 512 192.0000
t 513 192.0000
t 514 192.0000
t 515 192.0000
t 516 192.0000
t 517 192.0000
t 518 262.5000
t 519 192.0000
t 520 192.0000
t 521 192.0000
t 522 192.0000
t 523 192.0000
t 524 261.0000
t 525 192.0000
t 526 192.0000
t 527 224.0000
t 528 192.0000
t 529 192.0000
t 530 224.0000
t 531 192.0000
t 532 219.0000
t 533 378.0000
t 534 192.0000
t 535 192.0000
t 536 192.0000
t 537 227.4000
t 538 230.4000
t 539 221.0000
t 540 209.6000
t 541 196.0000
t 542 203.2000
t 543 216.0000
t 544 192.0000
t 545 206.4000
t 546 199.2000
t 547 192.0000
t 548 192.0000
t 549 255.3000
t 550 216.0000
t 551 216.0000
t 552 310.8000
t 553 216.0000
t 554 216.0000
t 555 216.0000
t 556 216.0000
t 557 223.2000
t 558 216.0000
t 559 220.0000
t 560 216.0000
t 561 226.0000
t 562 216.0000
t 563 216.0000
t 564 216.0000
t 565 226.0000
t 566 226.0000
t 567 226.0000
t 568 216.0000
t 569 223.2000
t 570 216.0000
t 571 216.0000
t 572 309.6000
t 573 240.0000
t 574 307.2000
t 575 240.0000
t 576 240.0000
t 577 240.0000
t 578 240.0000
t 579 264.0001
t 580 252.8000
t 581 240.0000
t 582 240.0000
t 583 240.0000
t 584 240.0000
t 585 240.0000
t 586 299.2000
t 587 305.6000
t 588 248.0000
t 589 281.6000
t 590 240.0000
t 591 240.0000
t 592 334.8000
t 593 240.0000
t 594 246.4000
t 595 240.0000
t 596 240.0000
t 597 240.0000
t 598 264.0000
t 599 285.6000
# --- delta[i1,i2]: machine ordering (only pairs with a value listed) ---
d 1 202 1
d 1 241 1
d 1 469 1
d 202 241 0
d 202 469 1
d 241 469 1
d 4 6 0
d 4 248 1
d 4 249 1
d 6 248 1
d 6 249 1
d 248 249 0
d 5 9 0
d 5 10 0
d 9 10 0
d 13 14 1
d 15 16 1
d 20 366 1
d 21 367 1
d 22 120 0
d 22 368 1
d 22 476 1
d 120 368 1
d 120 476 1
d 368 476 0
d 23 126 0
d 23 369 1
d 23 482 1
d 126 369 1
d 126 482 1
d 369 482 0
d 24 175 0
d 24 370 1
d 24 531 1
d 175 370 1
d 175 531 1
d 370 531 0
d 25 124 0
d 25 371 1
d 25 480 1
d 124 371 1
d 124 480 1
d 371 480 0
d 26 372 1
d 27 373 1
d 27 562 1
d 373 562 0
d 28 374 1
d 29 375 1
d 29 565 1
d 375 565 0
d 30 376 1
d 31 377 1
d 32 378 1
d 33 379 1
d 34 380 1
d 35 381 1
d 36 174 0
d 36 382 1
d 36 530 1
d 174 382 1
d 174 530 1
d 382 530 0
d 37 383 1
d 38 196 1
d 38 198 1
d 38 256 1
d 38 384 1
d 38 548 1
d 38 568 1
d 38 596 1
d 196 198 0
d 196 256 1
d 196 384 1
d 196 548 1
d 196 568 1
d 196 596 1
d 198 256 1
d 198 384 1
d 198 548 1
d 198 568 1
d 198 596 1
d 256 384 1
d 256 548 1
d 256 568 1
d 256 596 1
d 384 548 1
d 384 568 1
d 384 596 1
d 548 568 1
d 548 596 1
d 568 596 1
d 39 385 1
d 40 386 1
d 41 387 1
d 42 388 1
d 43 389 1
d 43 566 1
d 389 566 0
d 44 390 1
d 45 391 1
d 46 392 1
d 46 561 1
d 392 561 0
d 47 393 1
d 48 394 1
d 49 395 1
d 49 567 1
d 395 567 0
d 50 396 1
d 50 563 1
d 396 563 0
d 51 397 1
d 52 121 0
d 52 398 1
d 52 477 1
d 121 398 1
d 121 477 1
d 398 477 0
d 53 399 1
d 53 564 1
d 399 564 0
d 54 400 1
d 55 401 1
d 56 257 1
d 56 402 1
d 257 402 0
d 57 403 1
d 58 404 1
d 59 405 1
d 60 406 1
d 61 407 1
d 62 408 1
d 63 409 1
d 64 410 1
d 65 411 1
d 66 412 1
d 67 413 1
d 68 414 1
d 69 415 1
d 70 416 1
d 71 417 1
d 72 418 1
d 72 532 1
d 418 532 0
d 73 419 1
d 74 420 1
d 75 421 1
d 76 289 1
d 76 422 1
d 289 422 0
d 77 423 1
d 78 424 1
d 79 425 1
d 80 426 1
d 81 173 0
d 81 427 1
d 81 529 1
d 173 427 1
d 173 529 1
d 427 529 0
d 82 118 0
d 82 428 1
d 82 474 1
d 118 428 1
d 118 474 1
d 428 474 0
d 83 122 0
d 83 429 1
d 83 478 1
d 122 429 1
d 122 478 1
d 429 478 0
d 84 430 1
d 85 123 0
d 85 431 1
d 85 479 1
d 123 431 1
d 123 479 1
d 431 479 0
d 86 125 0
d 86 432 1
d 86 481 1
d 125 432 1
d 125 481 1
d 432 481 0
d 87 433 1
d 88 171 0
d 88 434 1
d 88 527 1
d 171 434 1
d 171 527 1
d 434 527 0
d 89 365 1
d 89 435 1
d 365 435 0
d 90 446 1
d 91 95 1
d 91 96 0
d 91 194 1
d 91 210 1
d 91 211 1
d 91 447 1
d 91 448 1
d 91 451 1
d 91 452 1
d 91 557 1
d 91 558 1
d 95 96 0
d 95 194 0
d 95 210 1
d 95 211 1
d 95 447 1
d 95 448 1
d 95 451 1
d 95 452 1
d 95 557 1
d 95 558 1
d 96 194 1
d 96 210 1
d 96 211 1
d 96 447 1
d 96 448 1
d 96 451 1
d 96 452 1
d 96 557 1
d 96 558 1
d 194 210 1
d 194 211 1
d 194 447 1
d 194 448 1
d 194 451 1
d 194 452 1
d 194 557 1
d 194 558 1
d 210 211 0
d 210 447 1
d 210 448 1
d 210 451 1
d 210 452 1
d 210 557 1
d 210 558 1
d 211 447 1
d 211 448 1
d 211 451 1
d 211 452 1
d 211 557 1
d 211 558 1
d 447 448 0
d 447 451 0
d 447 452 0
d 447 557 1
d 447 558 1
d 448 451 0
d 448 452 0
d 448 557 1
d 448 558 1
d 451 452 0
d 451 557 1
d 451 558 1
d 452 557 1
d 452 558 1
d 557 558 0
d 92 192 1
d 92 193 1
d 192 193 1
d 93 94 1
d 93 296 1
d 93 297 1
d 93 329 1
d 93 330 1
d 93 449 1
d 93 450 1
d 94 296 1
d 94 297 1
d 94 329 1
d 94 330 1
d 94 449 1
d 94 450 1
d 296 297 0
d 296 329 1
d 296 330 1
d 296 449 1
d 296 450 1
d 297 329 1
d 297 330 1
d 297 449 1
d 297 450 1
d 329 330 0
d 329 449 1
d 329 450 1
d 330 449 1
d 330 450 1
d 449 450 0
d 97 98 0
d 97 172 1
d 97 224 1
d 97 453 1
d 97 454 1
d 97 528 1
d 97 582 1
d 98 172 1
d 98 224 1
d 98 453 1
d 98 454 1
d 98 528 1
d 98 582 1
d 172 224 1
d 172 453 1
d 172 454 1
d 172 528 1
d 172 582 1
d 224 453 1
d 224 454 1
d 224 528 1
d 224 582 1
d 453 454 0
d 453 528 1
d 453 582 1
d 454 528 1
d 454 582 1
d 528 582 1
d 99 182 1
d 99 189 1
d 99 190 1
d 99 191 0
d 99 195 0
d 99 209 1
d 99 250 1
d 99 251 1
d 99 252 1
d 99 298 1
d 99 299 1
d 99 332 1
d 99 456 1
d 99 538 1
d 99 545 1
d 99 546 1
d 99 547 1
d 99 556 1
d 99 569 1
d 182 189 0
d 182 190 0
d 182 191 0
d 182 195 0
d 182 209 0
d 182 250 1
d 182 251 1
d 182 252 1
d 182 298 1
d 182 299 1
d 182 332 1
d 182 456 1
d 182 538 1
d 182 545 1
d 182 546 1
d 182 547 1
d 182 556 1
d 182 569 1
d 189 190 1
d 189 191 0
d 189 195 0
d 189 209 1
d 189 250 1
d 189 251 1
d 189 252 1
d 189 298 1
d 189 299 1
d 189 332 1
d 189 456 1
d 189 538 1
d 189 545 1
d 189 546 1
d 189 547 1
d 189 556 1
d 189 569 1
d 190 191 0
d 190 195 0
d 190 209 1
d 190 250 1
d 190 251 1
d 190 252 1
d 190 298 1
d 190 299 1
d 190 332 1
d 190 456 1
d 190 538 1
d 190 545 1
d 190 546 1
d 190 547 1
d 190 556 1
d 190 569 1
d 191 195 1
d 191 209 1
d 191 250 1
d 191 251 1
d 191 252 1
d 191 298 1
d 191 299 1
d 191 332 1
d 191 456 1
d 191 538 1
d 191 545 1
d 191 546 1
d 191 547 1
d 191 556 1
d 191 569 1
d 195 209 1
d 195 250 1
d 195 251 1
d 195 252 1
d 195 298 1
d 195 299 1
d 195 332 1
d 195 456 1
d 195 538 1
d 195 545 1
d 195 546 1
d 195 547 1
d 195 556 1
d 195 569 1
d 209 250 1
d 209 251 1
d 209 252 1
d 209 298 1
d 209 299 1
d 209 332 1
d 209 456 1
d 209 538 1
d 209 545 1
d 209 546 1
d 209 547 1
d 209 556 1
d 209 569 1
d 250 251 0
d 250 252 0
d 250 298 1
d 250 299 1
d 250 332 1
d 250 456 1
d 250 538 1
d 250 545 1
d 250 546 1
d 250 547 1
d 250 556 1
d 250 569 1
d 251 252 1
d 251 298 1
d 251 299 1
d 251 332 1
d 251 456 1
d 251 538 1
d 251 545 1
d 251 546 1
d 251 547 1
d 251 556 1
d 251 569 1
d 252 298 1
d 252 299 1
d 252 332 1
d 252 456 1
d 252 538 1
d 252 545 1
d 252 546 1
d 252 547 1
d 252 556 1
d 252 569 1
d 298 299 0
d 298 332 1
d 298 456 1
d 298 538 1
d 298 545 1
d 298 546 1
d 298 547 1
d 298 556 1
d 298 569 1
d 299 332 1
d 299 456 1
d 299 538 1
d 299 545 1
d 299 546 1
d 299 547 1
d 299 556 1
d 299 569 1
d 332 456 1
d 332 538 1
d 332 545 1
d 332 546 1
d 332 547 1
d 332 556 1
d 332 569 1
d 456 538 1
d 456 545 1
d 456 546 1
d 456 547 1
d 456 556 1
d 456 569 1
d 538 545 0
d 538 546 0
d 538 547 0
d 538 556 0
d 538 569 0
d 545 546 0
d 545 547 0
d 545 556 1
d 545 569 1
d 546 547 0
d 546 556 1
d 546 569 1
d 547 556 1
d 547 569 1
d 556 569 1
d 100 101 1
d 100 103 1
d 100 104 1
d 100 105 1
d 100 457 1
d 100 458 1
d 100 460 1
d 100 461 1
d 100 462 1
d 101 103 0
d 101 104 0
d 101 105 0
d 101 457 1
d 101 458 1
d 101 460 1
d 101 461 1
d 101 462 1
d 103 104 0
d 103 105 0
d 103 457 1
d 103 458 1
d 103 460 1
d 103 461 1
d 103 462 1
d 104 105 0
d 104 457 1
d 104 458 1
d 104 460 1
d 104 461 1
d 104 462 1
d 105 457 1
d 105 458 1
d 105 460 1
d 105 461 1
d 105 462 1
d 457 458 1
d 457 460 1
d 457 461 1
d 457 462 1
d 458 460 0
d 458 461 0
d 458 462 0
d 460 461 0
d 460 462 0
d 461 462 0
d 102 459 1
d 106 463 1
d 107 464 1
d 108 465 1
d 109 466 1
d 110 351 1
d 110 355 1
d 110 467 1
d 351 355 0
d 351 467 1
d 355 467 1
d 111 352 1
d 111 356 1
d 111 468 1
d 352 356 0
d 352 468 1
d 356 468 1
d 112 440 1
d 112 442 1
d 112 445 1
d 112 551 1
d 112 572 1
d 440 442 0
d 440 445 0
d 440 551 1
d 440 572 1
d 442 445 0
d 442 551 1
d 442 572 1
d 445 551 1
d 445 572 1
d 551 572 1
d 113 589 1
d 113 590 1
d 589 590 0
d 114 115 0
d 117 144 0
d 117 222 1
d 117 233 1
d 117 234 1
d 117 472 1
d 117 500 1
d 117 580 1
d 117 594 1
d 117 595 1
d 144 222 1
d 144 233 1
d 144 234 1
d 144 472 1
d 144 500 1
d 144 580 1
d 144 594 1
d 144 595 1
d 222 233 0
d 222 234 0
d 222 472 1
d 222 500 1
d 222 580 1
d 222 594 1
d 222 595 1
d 233 234 0
d 233 472 1
d 233 500 1
d 233 580 1
d 233 594 1
d 233 595 1
d 234 472 1
d 234 500 1
d 234 580 1
d 234 594 1
d 234 595 1
d 472 500 0
d 472 580 1
d 472 594 1
d 472 595 1
d 500 580 1
d 500 594 1
d 500 595 1
d 580 594 0
d 580 595 0
d 594 595 0
d 119 134 0
d 119 179 0
d 119 223 1
d 119 225 1
d 119 305 1
d 119 473 1
d 119 475 1
d 119 490 1
d 119 535 1
d 119 581 1
d 134 179 0
d 134 223 1
d 134 225 1
d 134 305 1
d 134 473 1
d 134 475 1
d 134 490 1
d 134 535 1
d 134 581 1
d 179 223 1
d 179 225 1
d 179 305 1
d 179 473 1
d 179 475 1
d 179 490 1
d 179 535 1
d 179 581 1
d 223 225 0
d 223 305 1
d 223 473 1
d 223 475 1
d 223 490 1
d 223 535 1
d 223 581 1
d 225 305 1
d 225 473 1
d 225 475 1
d 225 490 1
d 225 535 1
d 225 581 1
d 305 473 1
d 305 475 1
d 305 490 1
d 305 535 1
d 305 581 1
d 473 475 0
d 473 490 0
d 473 535 0
d 473 581 1
d 475 490 0
d 475 535 0
d 475 581 1
d 490 535 0
d 490 581 1
d 535 581 1
d 127 483 1
d 128 322 1
d 128 484 1
d 322 484 0
d 129 321 1
d 129 485 1
d 321 485 0
d 130 315 1
d 130 486 1
d 315 486 0
d 131 318 1
d 131 487 1
d 318 487 0
d 132 323 1
d 132 488 1
d 323 488 0
d 133 320 1
d 133 489 1
d 320 489 0
d 135 317 1
d 135 491 1
d 317 491 0
d 136 492 1
d 137 493 1
d 138 319 1
d 138 494 1
d 319 494 0
d 139 314 1
d 139 348 1
d 139 495 1
d 314 348 0
d 314 495 1
d 348 495 1
d 140 310 1
d 140 347 1
d 140 496 1
d 310 347 0
d 310 496 1
d 347 496 1
d 141 312 1
d 141 497 1
d 312 497 0
d 142 311 1
d 142 498 1
d 311 498 0
d 143 316 1
d 143 499 1
d 316 499 0
d 145 276 1
d 145 501 1
d 276 501 1
d 146 280 1
d 146 502 1
d 280 502 1
d 147 281 1
d 147 503 1
d 281 503 1
d 148 287 1
d 148 504 1
d 287 504 1
d 149 283 1
d 149 505 1
d 283 505 1
d 150 288 1
d 150 506 1
d 288 506 1
d 151 284 1
d 151 507 1
d 284 507 1
d 152 272 1
d 152 508 1
d 272 508 1
d 153 197 1
d 153 264 1
d 153 509 1
d 153 549 1
d 197 264 1
d 197 509 1
d 197 549 1
d 264 509 1
d 264 549 1
d 509 549 0
d 154 279 1
d 154 510 1
d 279 510 1
d 155 269 1
d 155 511 1
d 269 511 1
d 156 282 1
d 156 512 1
d 282 512 1
d 157 270 1
d 157 513 1
d 270 513 1
d 158 285 1
d 158 346 1
d 158 514 1
d 285 346 1
d 285 514 1
d 346 514 0
d 159 273 1
d 159 343 1
d 159 515 1
d 273 343 1
d 273 515 1
d 343 515 0
d 160 267 1
d 160 344 1
d 160 516 1
d 267 344 1
d 267 516 1
d 344 516 0
d 161 277 1
d 161 345 1
d 161 517 1
d 277 345 1
d 277 517 1
d 345 517 0
d 162 168 0
d 162 265 1
d 162 518 1
d 162 524 1
d 168 265 1
d 168 518 1
d 168 524 1
d 265 518 1
d 265 524 1
d 518 524 0
d 163 266 1
d 163 342 1
d 163 519 1
d 266 342 1
d 266 519 1
d 342 519 0
d 164 271 1
d 164 520 1
d 271 520 1
d 165 278 1
d 165 521 1
d 278 521 1
d 166 263 1
d 166 522 1
d 263 522 1
d 167 286 1
d 167 523 1
d 286 523 1
d 169 275 1
d 169 525 1
d 275 525 1
d 170 268 1
d 170 326 1
d 170 526 1
d 268 326 0
d 268 526 1
d 326 526 1
d 176 200 1
d 176 206 1
d 176 231 1
d 200 206 0
d 200 231 1
d 206 231 1
d 177 246 0
d 177 247 0
d 246 247 0
d 178 534 1
d 180 214 1
d 180 215 1
d 180 274 1
d 180 325 1
d 180 536 1
d 180 570 1
d 214 215 0
d 214 274 1
d 214 325 1
d 214 536 1
d 214 570 1
d 215 274 1
d 215 325 1
d 215 536 1
d 215 570 1
d 274 325 0
d 274 536 1
d 274 570 1
d 325 536 1
d 325 570 1
d 536 570 1
d 181 183 0
d 181 184 0
d 181 185 0
d 181 186 0
d 181 187 0
d 181 188 0
d 181 294 1
d 181 295 1
d 181 537 1
d 181 539 1
d 181 540 1
d 181 541 1
d 181 542 1
d 181 543 1
d 181 544 1
d 183 184 0
d 183 185 0
d 183 186 0
d 183 187 0
d 183 188 0
d 183 294 1
d 183 295 1
d 183 537 1
d 183 539 1
d 183 540 1
d 183 541 1
d 183 542 1
d 183 543 1
d 183 544 1
d 184 185 0
d 184 186 0
d 184 187 1
d 184 188 0
d 184 294 1
d 184 295 1
d 184 537 1
d 184 539 1
d 184 540 1
d 184 541 1
d 184 542 1
d 184 543 1
d 184 544 1
d 185 186 1
d 185 187 1
d 185 188 0
d 185 294 1
d 185 295 1
d 185 537 1
d 185 539 1
d 185 540 1
d 185 541 1
d 185 542 1
d 185 543 1
d 185 544 1
d 186 187 1
d 186 188 0
d 186 294 1
d 186 295 1
d 186 537 1
d 186 539 1
d 186 540 1
d 186 541 1
d 186 542 1
d 186 543 1
d 186 544 1
d 187 188 0
d 187 294 1
d 187 295 1
d 187 537 1
d 187 539 1
d 187 540 1
d 187 541 1
d 187 542 1
d 187 543 1
d 187 544 1
d 188 294 1
d 188 295 1
d 188 537 1
d 188 539 1
d 188 540 1
d 188 541 1
d 188 542 1
d 188 543 1
d 188 544 1
d 294 295 0
d 294 537 1
d 294 539 1
d 294 540 1
d 294 541 1
d 294 542 1
d 294 543 1
d 294 544 1
d 295 537 1
d 295 539 1
d 295 540 1
d 295 541 1
d 295 542 1
d 295 543 1
d 295 544 1
d 537 539 0
d 537 540 0
d 537 541 0
d 537 542 0
d 537 543 0
d 537 544 0
d 539 540 0
d 539 541 0
d 539 542 0
d 539 543 0
d 539 544 0
d 540 541 0
d 540 542 0
d 540 543 1
d 540 544 0
d 541 542 1
d 541 543 1
d 541 544 0
d 542 543 1
d 542 544 0
d 543 544 0
d 204 324 1
d 205 207 0
d 205 221 0
d 205 291 1
d 205 575 1
d 207 221 0
d 207 291 1
d 207 575 1
d 221 291 1
d 221 575 1
d 291 575 1
d 208 255 0
d 208 292 0
d 255 292 0
d 212 213 0
d 212 239 1
d 212 313 1
d 212 559 1
d 212 560 1
d 212 597 1
d 213 239 1
d 213 313 1
d 213 559 1
d 213 560 1
d 213 597 1
d 239 313 1
d 239 559 1
d 239 560 1
d 239 597 1
d 313 559 1
d 313 560 1
d 313 597 1
d 559 560 0
d 559 597 1
d 560 597 1
d 218 350 1
d 218 354 1
d 218 358 1
d 218 571 1
d 350 354 0
d 350 358 0
d 350 571 1
d 354 358 0
d 354 571 1
d 358 571 1
d 219 437 1
d 219 443 1
d 437 443 1
d 226 584 1
d 227 228 1
d 227 586 1
d 227 587 1
d 228 586 1
d 228 587 1
d 586 587 1
d 229 232 0
d 229 290 1
d 229 552 1
d 229 553 1
d 229 573 1
d 229 574 1
d 232 290 1
d 232 552 1
d 232 553 1
d 232 573 1
d 232 574 1
d 290 552 1
d 290 553 1
d 290 573 1
d 290 574 1
d 552 553 0
d 552 573 0
d 552 574 0
d 553 573 1
d 553 574 1
d 573 574 1
d 230 470 1
d 235 236 0
d 235 237 0
d 235 238 0
d 236 237 1
d 236 238 0
d 237 238 0
d 240 592 1
d 240 593 1
d 592 593 0
d 244 364 1
d 244 439 1
d 244 441 1
d 244 444 1
d 244 579 1
d 364 439 0
d 364 441 0
d 364 444 0
d 364 579 1
d 439 441 0
d 439 444 0
d 439 579 1
d 441 444 0
d 441 579 1
d 444 579 1
d 258 533 1
d 258 588 1
d 258 591 1
d 533 588 0
d 533 591 0
d 588 591 0
d 303 576 1
d 304 363 0
d 327 340 0
d 328 341 0
d 349 353 0
d 349 357 0
d 353 357 0
d 436 438 0
d 436 555 0
d 436 599 1
d 438 555 0
d 438 599 1
d 555 599 1
# --- mean_V[i]: virtual age computed at runtime (for reference) ---
v 0 31.960175
v 1 0.272748
v 2 29.346635
v 3 29.319448
v 4 0.503254
v 5 0.503254
v 6 0.000000
v 7 29.314108
v 8 29.281946
v 9 0.000000
v 10 26.143163
v 11 29.308711
v 12 29.402699
v 13 0.503254
v 14 27.071771
v 15 0.503254
v 16 27.185251
v 17 29.434396
v 18 29.267030
v 19 30.018061
v 20 0.885100
v 21 0.886149
v 22 0.115533
v 23 0.115050
v 24 0.114379
v 25 0.114593
v 26 0.869277
v 27 0.874489
v 28 0.873218
v 29 0.883900
v 30 0.870146
v 31 0.868519
v 32 0.877533
v 33 0.882960
v 34 0.892348
v 35 0.877059
v 36 0.115622
v 37 0.880038
v 38 0.116776
v 39 0.885786
v 40 0.878180
v 41 0.880290
v 42 0.885573
v 43 0.877232
v 44 0.876318
v 45 0.880064
v 46 0.884967
v 47 0.879868
v 48 0.878497
v 49 0.872534
v 50 0.878061
v 51 0.877928
v 52 0.114679
v 53 0.876212
v 54 0.885944
v 55 0.878618
v 56 0.876161
v 57 0.875438
v 58 0.879976
v 59 0.875981
v 60 0.870917
v 61 0.871558
v 62 0.886829
v 63 0.889555
v 64 0.870872
v 65 0.884512
v 66 0.884848
v 67 0.872061
v 68 0.871971
v 69 0.875133
v 70 0.882202
v 71 0.882841
v 72 0.879226
v 73 0.874514
v 74 0.894841
v 75 0.877116
v 76 0.874570
v 77 0.874094
v 78 0.883588
v 79 0.883659
v 80 0.887112
v 81 0.115500
v 82 0.115317
v 83 0.113786
v 84 0.888986
v 85 0.116198
v 86 0.115869
v 87 0.872281
v 88 0.116125
v 89 0.882343
v 90 0.858473
v 91 0.071893
v 92 0.641885
v 93 0.071893
v 94 0.350487
v 95 0.000000
v 96 0.050400
v 97 0.071893
v 98 0.020637
v 99 0.111264
v 100 0.071893
v 101 0.000000
v 102 0.854527
v 103 0.000000
v 104 0.000000
v 105 0.584302
v 106 0.861218
v 107 0.860176
v 108 0.847330
v 109 0.863058
v 110 0.682333
v 111 0.673291
v 112 0.642050
v 113 1.211681
v 114 0.173928
v 115 29.301414
v 116 31.337927
v 117 0.143787
v 118 0.579245
v 119 0.143787
v 120 0.580005
v 121 0.572389
v 122 0.576829
v 123 0.583700
v 124 0.572627
v 125 0.587252
v 126 0.574209
v 127 1.005884
v 128 0.650727
v 129 0.628364
v 130 0.641591
v 131 0.653360
v 132 0.643451
v 133 0.639818
v 134 0.000000
v 135 0.649068
v 136 1.006743
v 137 0.991172
v 138 0.638946
v 139 0.634085
v 140 0.647772
v 141 0.637326
v 142 0.645232
v 143 0.646726
v 144 0.081054
v 145 0.495201
v 146 0.492384
v 147 0.487512
v 148 0.496365
v 149 0.491935
v 150 0.492217
v 151 0.492315
v 152 0.485566
v 153 0.143787
v 154 0.489689
v 155 0.501562
v 156 0.489435
v 157 0.499631
v 158 0.489062
v 159 0.483192
v 160 0.483752
v 161 0.489534
v 162 0.143787
v 163 0.485681
v 164 0.493988
v 165 0.495668
v 166 0.482741
v 167 0.493325
v 168 0.249641
v 169 0.488180
v 170 0.500951
v 171 0.583165
v 172 0.074495
v 173 0.576383
v 174 0.583764
v 175 0.578687
v 176 0.115157
v 177 1.115074
v 178 1.033310
v 179 0.065824
v 180 0.197358
v 181 0.143787
v 182 0.000000
v 183 0.000000
v 184 0.000000
v 185 0.000000
v 186 0.000000
v 187 0.000000
v 188 0.179683
v 189 0.000000
v 190 0.000000
v 191 0.013704
v 192 0.000000
v 193 24.977636
v 194 0.128814
v 195 0.000000
v 196 0.000000
v 197 0.273085
v 198 0.146894
v 199 30.938451
v 200 0.000000
v 201 30.819411
v 202 0.153921
v 203 29.563804
v 204 0.519667
v 205 0.143787
v 206 0.033623
v 207 0.032020
v 208 0.656001
v 209 0.073075
v 210 0.000000
v 211 0.143612
v 212 0.239645
v 213 0.033479
v 214 0.000000
v 215 0.151319
v 216 28.426274
v 217 28.681401
v 218 0.642096
v 219 0.970833
v 220 30.262344
v 221 0.086030
v 222 0.000000
v 223 0.000000
v 224 0.300306
v 225 0.157629
v 226 1.382260
v 227 0.359467
v 228 0.822084
v 229 0.239645
v 230 14.821605
v 231 28.574635
v 232 0.102415
v 233 0.000000
v 234 0.340762
v 235 0.000000
v 236 0.000000
v 237 22.638528
v 238 1.002380
v 239 0.177306
v 240 1.629323
v 241 0.393273
v 242 29.773386
v 243 29.267652
v 244 1.071646
v 245 32.416890
v 246 0.080743
v 247 22.183535
v 248 0.000000
v 249 25.620779
v 250 0.000000
v 251 0.024021
v 252 0.000000
v 253 27.804503
v 254 28.115353
v 255 23.014027
v 256 0.234752
v 257 13.977815
v 258 2.160733
v 259 28.494345
v 260 25.869765
v 261 28.699082
v 262 26.409319
v 263 0.318424
v 264 0.289709
v 265 0.280956
v 266 0.083457
v 267 0.081266
v 268 0.324029
v 269 0.320968
v 270 0.318766
v 271 0.320729
v 272 0.308695
v 273 0.081204
v 274 0.051511
v 275 0.325284
v 276 0.322632
v 277 0.082866
v 278 0.328508
v 279 0.316992
v 280 0.317035
v 281 0.301871
v 282 0.320849
v 283 0.335331
v 284 0.325018
v 285 0.082038
v 286 0.330261
v 287 0.322620
v 288 0.316586
v 289 18.888367
v 290 0.333754
v 291 1.867349
v 292 0.311012
v 293 29.000585
v 294 0.000000
v 295 0.174082
v 296 0.000000
v 297 0.042625
v 298 0.000000
v 299 0.014757
v 300 27.273571
v 301 29.043549
v 302 28.207799
v 303 1.353989
v 304 1.051150
v 305 0.135096
v 306 27.064721
v 307 27.189260
v 308 26.891050
v 309 28.354061
v 310 0.000000
v 311 0.219764
v 312 0.209516
v 313 0.254542
v 314 0.000000
v 315 0.223185
v 316 0.209704
v 317 0.223083
v 318 0.222187
v 319 0.220678
v 320 0.219756
v 321 0.209630
v 322 0.207949
v 323 0.221768
v 324 27.502453
v 325 0.114977
v 326 21.790408
v 327 23.223150
v 328 23.297133
v 329 0.000000
v 330 0.023694
v 331 28.548881
v 332 0.027002
v 333 25.768049
v 334 25.846173
v 335 26.135789
v 336 26.063025
v 337 25.953672
v 338 28.119021
v 339 28.267941
v 340 1.469018
v 341 1.467064
v 342 0.146474
v 343 0.142587
v 344 0.141125
v 345 0.143326
v 346 0.143680
v 347 0.134753
v 348 0.134876
v 349 0.862722
v 350 0.000000
v 351 0.000000
v 352 0.000000
v 353 0.000000
v 354 0.000000
v 355 0.059345
v 356 0.059920
v 357 24.445335
v 358 0.167999
v 359 28.588099
v 360 28.426331
v 361 28.229836
v 362 28.656380
v 363 24.635501
v 364 0.000000
v 365 22.410184
v 366 26.573151
v 367 26.708703
v 368 0.100416
v 369 0.103006
v 370 0.099144
v 371 0.102346
v 372 26.608881
v 373 0.811877
v 374 26.476297
v 375 0.808779
v 376 26.602185
v 377 26.687542
v 378 26.702743
v 379 26.602339
v 380 26.853174
v 381 26.611218
v 382 0.101085
v 383 26.462770
v 384 0.074626
v 385 26.812359
v 386 26.623581
v 387 26.689151
v 388 26.665295
v 389 0.828452
v 390 26.537099
v 391 26.651322
v 392 0.821766
v 393 26.774711
v 394 26.630139
v 395 0.812410
v 396 0.792499
v 397 26.703467
v 398 0.094595
v 399 0.806458
v 400 26.489604
v 401 26.539327
v 402 6.239363
v 403 26.491215
v 404 26.422445
v 405 26.480614
v 406 26.646400
v 407 26.633351
v 408 26.476928
v 409 26.617178
v 410 26.632419
v 411 26.471398
v 412 26.599348
v 413 26.564121
v 414 26.755781
v 415 26.606427
v 416 26.536542
v 417 26.762157
v 418 0.817904
v 419 26.524855
v 420 26.458780
v 421 26.745657
v 422 2.231439
v 423 26.749001
v 424 26.727744
v 425 26.650882
v 426 26.694875
v 427 0.102476
v 428 0.100491
v 429 0.102265
v 430 26.620110
v 431 0.104495
v 432 0.102503
v 433 26.688135
v 434 0.102427
v 435 0.630643
v 436 1.318047
v 437 0.000000
v 438 0.073276
v 439 0.000000
v 440 0.000000
v 441 0.000000
v 442 0.000000
v 443 23.253853
v 444 0.027481
v 445 0.294782
v 446 26.425156
v 447 0.000000
v 448 0.000000
v 449 0.000000
v 450 22.486342
v 451 0.000000
v 452 0.058441
v 453 0.000000
v 454 0.042588
v 455 27.103476
v 456 0.033381
v 457 0.000000
v 458 0.000000
v 459 26.575117
v 460 0.000000
v 461 0.000000
v 462 22.530797
v 463 26.499332
v 464 26.491392
v 465 26.644155
v 466 26.352227
v 467 23.728975
v 468 23.743365
v 469 23.143385
v 470 6.461877
v 471 26.571935
v 472 0.000000
v 473 19.159044
v 474 23.507760
v 475 0.000000
v 476 23.587496
v 477 23.345381
v 478 23.582675
v 479 23.529737
v 480 23.518867
v 481 23.483004
v 482 23.513891
v 483 25.669663
v 484 23.779644
v 485 23.889734
v 486 24.128122
v 487 24.102193
v 488 24.103498
v 489 24.060982
v 490 0.000000
v 491 23.960403
v 492 25.620766
v 493 25.362092
v 494 24.108646
v 495 23.068735
v 496 23.082856
v 497 23.816012
v 498 23.824504
v 499 23.772161
v 500 0.107451
v 501 23.993575
v 502 24.185949
v 503 23.979307
v 504 24.100351
v 505 24.213246
v 506 23.888273
v 507 24.172432
v 508 24.092212
v 509 0.000000
v 510 24.034038
v 511 24.099056
v 512 23.952448
v 513 24.091259
v 514 23.152303
v 515 23.167300
v 516 23.060795
v 517 23.126678
v 518 0.000000
v 519 23.268146
v 520 23.987618
v 521 24.097985
v 522 24.118716
v 523 24.070009
v 524 22.498527
v 525 24.385480
v 526 0.188558
v 527 23.590045
v 528 0.103324
v 529 23.544476
v 530 23.588403
v 531 23.662178
v 532 21.740439
v 533 0.146092
v 534 25.697091
v 535 0.079917
v 536 0.053507
v 537 0.000000
v 538 0.000000
v 539 0.000000
v 540 0.000000
v 541 0.000000
v 542 0.000000
v 543 0.000000
v 544 21.276360
v 545 0.000000
v 546 0.000000
v 547 0.018041
v 548 0.139154
v 549 22.725227
v 550 26.910552
v 551 0.000000
v 552 0.069677
v 553 0.178498
v 554 27.425922
v 555 20.603813
v 556 0.000000
v 557 0.000000
v 558 20.841664
v 559 0.000000
v 560 0.043609
v 561 21.708596
v 562 21.547676
v 563 21.338631
v 564 21.649321
v 565 21.770220
v 566 21.559160
v 567 21.521738
v 568 19.163713
v 569 20.633412
v 570 21.621419
v 571 22.084761
v 572 20.453563
v 573 0.000000
v 574 19.224261
v 575 20.193200
v 576 23.572158
v 577 27.265955
v 578 27.494026
v 579 20.974937
v 580 0.000000
v 581 0.044107
v 582 20.640191
v 583 25.682718
v 584 23.811908
v 585 26.791405
v 586 0.000000
v 587 21.337877
v 588 0.081046
v 589 0.000000
v 590 22.553367
v 591 16.580445
v 592 0.000000
v 593 20.620936
v 594 0.000000
v 595 19.758871
v 596 0.144765
v 597 20.461325
v 598 26.914913
v 599 0.055702
