# STEP 3 (v3) — Coelho's ORIGINAL instance solved with OUR objective
# per-job rho draws regenerated at runtime (seed=42, row order); mean_V computed at solve time
# Instance 15 — LTPMSP_03_00600_00120_00288.txt  theta_inst=0.934232
# Total objective: 30206.8305  (base=8567.0000 + degradation=21639.8305)
# Gap: 0.9534%   Status: OPTIMAL
# Q=288 N=600 M=120 BIG_M=3480.0
#
# --- y[i]: job internally-scheduled indicator ---
y 0 1
y 1 1
y 2 1
y 3 1
y 4 1
y 5 1
y 6 1
y 7 1
y 8 1
y 9 1
y 10 1
y 11 1
y 12 1
y 13 1
y 14 1
y 15 1
y 16 1
y 17 1
y 18 1
y 19 1
y 20 1
y 21 1
y 22 1
y 23 1
y 24 1
y 25 1
y 26 1
y 27 1
y 28 1
y 29 1
y 30 1
y 31 1
y 32 1
y 33 1
y 34 1
y 35 1
y 36 0
y 37 1
y 38 1
y 39 1
y 40 1
y 41 1
y 42 1
y 43 1
y 44 1
y 45 1
y 46 1
y 47 1
y 48 1
y 49 1
y 50 1
y 51 1
y 52 1
y 53 1
y 54 1
y 55 1
y 56 1
y 57 1
y 58 1
y 59 1
y 60 1
y 61 1
y 62 1
y 63 1
y 64 1
y 65 1
y 66 1
y 67 1
y 68 1
y 69 1
y 70 1
y 71 1
y 72 1
y 73 1
y 74 1
y 75 1
y 76 1
y 77 1
y 78 1
y 79 1
y 80 1
y 81 1
y 82 1
y 83 1
y 84 1
y 85 1
y 86 1
y 87 1
y 88 1
y 89 1
y 90 1
y 91 1
y 92 1
y 93 1
y 94 1
y 95 1
y 96 1
y 97 1
y 98 1
y 99 1
y 100 1
y 101 1
y 102 1
y 103 1
y 104 1
y 105 1
y 106 1
y 107 1
y 108 1
y 109 1
y 110 1
y 111 1
y 112 1
y 113 1
y 114 1
y 115 1
y 116 1
y 117 1
y 118 1
y 119 1
y 120 1
y 121 1
y 122 1
y 123 1
y 124 1
y 125 1
y 126 1
y 127 1
y 128 1
y 129 1
y 130 1
y 131 1
y 132 1
y 133 1
y 134 1
y 135 1
y 136 1
y 137 1
y 138 1
y 139 1
y 140 1
y 141 1
y 142 1
y 143 1
y 144 1
y 145 1
y 146 1
y 147 1
y 148 1
y 149 1
y 150 1
y 151 1
y 152 1
y 153 1
y 154 1
y 155 1
y 156 1
y 157 1
y 158 1
y 159 1
y 160 1
y 161 1
y 162 1
y 163 1
y 164 1
y 165 1
y 166 1
y 167 1
y 168 1
y 169 1
y 170 1
y 171 1
y 172 1
y 173 1
y 174 1
y 175 1
y 176 1
y 177 1
y 178 1
y 179 1
y 180 1
y 181 1
y 182 1
y 183 1
y 184 1
y 185 1
y 186 1
y 187 1
y 188 1
y 189 1
y 190 1
y 191 1
y 192 1
y 193 1
y 194 1
y 195 1
y 196 1
y 197 1
y 198 1
y 199 1
y 200 1
y 201 1
y 202 1
y 203 1
y 204 1
y 205 1
y 206 1
y 207 1
y 208 1
y 209 1
y 210 1
y 211 1
y 212 1
y 213 1
y 214 0
y 215 1
y 216 1
y 217 1
y 218 1
y 219 1
y 220 1
y 221 1
y 222 1
y 223 1
y 224 1
y 225 1
y 226 1
y 227 1
y 228 1
y 229 1
y 230 1
y 231 1
y 232 1
y 233 1
y 234 1
y 235 1
y 236 1
y 237 1
y 238 1
y 239 1
y 240 1
y 241 1
y 242 1
y 243 1
y 244 1
y 245 1
y 246 1
y 247 1
y 248 1
y 249 1
y 250 1
y 251 1
y 252 1
y 253 1
y 254 1
y 255 1
y 256 1
y 257 1
y 258 1
y 259 1
y 260 1
y 261 1
y 262 1
y 263 1
y 264 1
y 265 1
y 266 1
y 267 1
y 268 1
y 269 1
y 270 1
y 271 1
y 272 1
y 273 1
y 274 1
y 275 1
y 276 1
y 277 1
y 278 1
y 279 1
y 280 1
y 281 1
y 282 1
y 283 1
y 284 1
y 285 1
y 286 1
y 287 1
y 288 1
y 289 1
y 290 1
y 291 1
y 292 1
y 293 1
y 294 1
y 295 1
y 296 1
y 297 1
y 298 1
y 299 1
y 300 1
y 301 1
y 302 1
y 303 1
y 304 1
y 305 1
y 306 0
y 307 1
y 308 1
y 309 1
y 310 1
y 311 1
y 312 1
y 313 1
y 314 1
y 315 1
y 316 1
y 317 1
y 318 1
y 319 1
y 320 1
y 321 1
y 322 1
y 323 1
y 324 1
y 325 1
y 326 1
y 327 1
y 328 1
y 329 1
y 330 1
y 331 1
y 332 1
y 333 1
y 334 1
y 335 1
y 336 1
y 337 1
y 338 1
y 339 1
y 340 1
y 341 1
y 342 1
y 343 1
y 344 1
y 345 1
y 346 1
y 347 1
y 348 1
y 349 1
y 350 1
y 351 1
y 352 1
y 353 1
y 354 1
y 355 1
y 356 1
y 357 1
y 358 1
y 359 1
y 360 1
y 361 1
y 362 1
y 363 1
y 364 1
y 365 1
y 366 1
y 367 1
y 368 1
y 369 1
y 370 1
y 371 1
y 372 1
y 373 1
y 374 1
y 375 1
y 376 1
y 377 0
y 378 1
y 379 1
y 380 1
y 381 1
y 382 1
y 383 1
y 384 1
y 385 1
y 386 1
y 387 1
y 388 1
y 389 1
y 390 1
y 391 1
y 392 1
y 393 1
y 394 1
y 395 1
y 396 1
y 397 1
y 398 1
y 399 1
y 400 1
y 401 1
y 402 1
y 403 1
y 404 1
y 405 1
y 406 1
y 407 1
y 408 1
y 409 1
y 410 1
y 411 1
y 412 1
y 413 1
y 414 1
y 415 1
y 416 1
y 417 1
y 418 1
y 419 1
y 420 1
y 421 1
y 422 1
y 423 1
y 424 1
y 425 1
y 426 1
y 427 1
y 428 1
y 429 1
y 430 1
y 431 1
y 432 1
y 433 1
y 434 1
y 435 1
y 436 1
y 437 1
y 438 1
y 439 1
y 440 1
y 441 1
y 442 1
y 443 1
y 444 1
y 445 1
y 446 1
y 447 1
y 448 0
y 449 1
y 450 1
y 451 1
y 452 1
y 453 1
y 454 1
y 455 0
y 456 1
y 457 0
y 458 1
y 459 0
y 460 1
y 461 0
y 462 1
y 463 0
y 464 1
y 465 1
y 466 1
y 467 1
y 468 1
y 469 1
y 470 1
y 471 1
y 472 1
y 473 0
y 474 1
y 475 1
y 476 1
y 477 0
y 478 1
y 479 0
y 480 1
y 481 0
y 482 1
y 483 0
y 484 1
y 485 1
y 486 1
y 487 1
y 488 1
y 489 1
y 490 1
y 491 1
y 492 1
y 493 1
y 494 1
y 495 1
y 496 1
y 497 1
y 498 1
y 499 1
y 500 1
y 501 1
y 502 1
y 503 1
y 504 0
y 505 1
y 506 1
y 507 1
y 508 1
y 509 1
y 510 1
y 511 1
y 512 0
y 513 1
y 514 1
y 515 1
y 516 1
y 517 1
y 518 1
y 519 1
y 520 1
y 521 1
y 522 1
y 523 1
y 524 1
y 525 1
y 526 1
y 527 1
y 528 1
y 529 1
y 530 1
y 531 1
y 532 1
y 533 1
y 534 1
y 535 1
y 536 1
y 537 1
y 538 1
y 539 1
y 540 1
y 541 1
y 542 1
y 543 1
y 544 1
y 545 1
y 546 1
y 547 1
y 548 1
y 549 1
y 550 1
y 551 1
y 552 1
y 553 1
y 554 1
y 555 1
y 556 1
y 557 1
y 558 1
y 559 1
y 560 1
y 561 1
y 562 1
y 563 1
y 564 1
y 565 1
y 566 1
y 567 1
y 568 1
y 569 1
y 570 1
y 571 1
y 572 1
y 573 1
y 574 1
y 575 1
y 576 1
y 577 1
y 578 1
y 579 1
y 580 1
y 581 1
y 582 1
y 583 1
y 584 1
y 585 1
y 586 1
y 587 1
y 588 1
y 589 1
y 590 1
y 591 1
y 592 1
y 593 1
y 594 1
y 595 1
y 596 1
y 597 1
y 598 1
y 599 1
# --- x[i,k]: job-to-crew assignment (only pairs with x=1 listed) ---
x 0 6 1
x 1 29 1
x 2 11 1
x 3 16 1
x 4 53 1
x 5 16 1
x 6 16 1
x 7 16 1
x 8 11 1
x 9 16 1
x 10 108 1
x 11 108 1
x 12 57 1
x 13 57 1
x 14 57 1
x 15 57 1
x 16 33 1
x 17 96 1
x 18 96 1
x 19 96 1
x 20 96 1
x 21 114 1
x 22 69 1
x 23 17 1
x 24 16 1
x 25 0 1
x 26 0 1
x 27 2 1
x 28 39 1
x 29 66 1
x 30 85 1
x 31 66 1
x 32 16 1
x 33 117 1
x 34 39 1
x 35 89 1
x 37 117 1
x 38 32 1
x 39 29 1
x 40 57 1
x 41 57 1
x 42 57 1
x 43 57 1
x 44 57 1
x 45 57 1
x 46 57 1
x 47 57 1
x 48 33 1
x 49 33 1
x 50 33 1
x 51 33 1
x 52 33 1
x 53 33 1
x 54 33 1
x 55 33 1
x 56 33 1
x 57 96 1
x 58 96 1
x 59 117 1
x 60 117 1
x 61 9 1
x 62 9 1
x 63 96 1
x 64 96 1
x 65 96 1
x 66 96 1
x 67 96 1
x 68 96 1
x 69 96 1
x 70 96 1
x 71 96 1
x 72 96 1
x 73 96 1
x 74 96 1
x 75 96 1
x 76 96 1
x 77 96 1
x 78 96 1
x 79 96 1
x 80 96 1
x 81 96 1
x 82 96 1
x 83 96 1
x 84 96 1
x 85 96 1
x 86 96 1
x 87 96 1
x 88 96 1
x 89 96 1
x 90 96 1
x 91 96 1
x 92 96 1
x 93 108 1
x 94 96 1
x 95 96 1
x 96 108 1
x 97 9 1
x 98 39 1
x 99 89 1
x 100 26 1
x 101 9 1
x 102 41 1
x 103 24 1
x 104 117 1
x 105 89 1
x 106 89 1
x 107 89 1
x 108 53 1
x 109 32 1
x 110 5 1
x 111 5 1
x 112 4 1
x 113 16 1
x 114 6 1
x 115 9 1
x 116 17 1
x 117 16 1
x 118 23 1
x 119 11 1
x 120 16 1
x 121 16 1
x 122 26 1
x 123 17 1
x 124 23 1
x 125 0 1
x 126 2 1
x 127 33 1
x 128 33 1
x 129 66 1
x 130 85 1
x 131 85 1
x 132 32 1
x 133 32 1
x 134 117 1
x 135 39 1
x 136 89 1
x 137 85 1
x 138 66 1
x 139 32 1
x 140 85 1
x 141 57 1
x 142 57 1
x 143 57 1
x 144 57 1
x 145 57 1
x 146 57 1
x 147 57 1
x 148 57 1
x 149 9 1
x 150 9 1
x 151 9 1
x 152 9 1
x 153 9 1
x 154 9 1
x 155 53 1
x 156 23 1
x 157 66 1
x 158 8 1
x 159 9 1
x 160 11 1
x 161 60 1
x 162 9 1
x 163 11 1
x 164 23 1
x 165 69 1
x 166 85 1
x 167 89 1
x 168 89 1
x 169 108 1
x 170 53 1
x 171 5 1
x 172 29 1
x 173 9 1
x 174 33 1
x 175 66 1
x 176 112 1
x 177 6 1
x 178 6 1
x 179 6 1
x 180 6 1
x 181 119 1
x 182 119 1
x 183 119 1
x 184 99 1
x 185 99 1
x 186 99 1
x 187 99 1
x 188 118 1
x 189 118 1
x 190 1 1
x 191 1 1
x 192 1 1
x 193 118 1
x 194 118 1
x 195 1 1
x 196 4 1
x 197 33 1
x 198 33 1
x 199 53 1
x 200 32 1
x 201 6 1
x 202 16 1
x 203 16 1
x 204 16 1
x 205 16 1
x 206 53 1
x 207 16 1
x 208 108 1
x 209 26 1
x 210 28 1
x 211 26 1
x 212 26 1
x 213 28 1
x 215 20 1
x 216 22 1
x 217 22 1
x 218 17 1
x 219 17 1
x 220 19 1
x 221 0 1
x 222 2 1
x 223 33 1
x 224 33 1
x 225 18 1
x 226 66 1
x 227 66 1
x 228 85 1
x 229 85 1
x 230 85 1
x 231 32 1
x 232 39 1
x 233 89 1
x 234 85 1
x 235 32 1
x 236 53 1
x 237 22 1
x 238 22 1
x 239 22 1
x 240 108 1
x 241 117 1
x 242 117 1
x 243 9 1
x 244 9 1
x 245 9 1
x 246 9 1
x 247 9 1
x 248 9 1
x 249 9 1
x 250 9 1
x 251 9 1
x 252 9 1
x 253 9 1
x 254 9 1
x 255 9 1
x 256 9 1
x 257 9 1
x 258 9 1
x 259 9 1
x 260 9 1
x 261 9 1
x 262 108 1
x 263 85 1
x 264 16 1
x 265 53 1
x 266 11 1
x 267 26 1
x 268 24 1
x 269 95 1
x 270 41 1
x 271 41 1
x 272 39 1
x 273 32 1
x 274 89 1
x 275 89 1
x 276 22 1
x 277 22 1
x 278 5 1
x 279 41 1
x 280 41 1
x 281 41 1
x 282 41 1
x 283 41 1
x 284 41 1
x 285 41 1
x 286 41 1
x 287 41 1
x 288 41 1
x 289 41 1
x 290 41 1
x 291 41 1
x 292 41 1
x 293 41 1
x 294 41 1
x 295 41 1
x 296 23 1
x 297 33 1
x 298 40 1
x 299 33 1
x 300 21 1
x 301 33 1
x 302 33 1
x 303 4 1
x 304 4 1
x 305 18 1
x 307 108 1
x 308 6 1
x 309 119 1
x 310 40 1
x 311 40 1
x 312 17 1
x 313 16 1
x 314 23 1
x 315 29 1
x 316 53 1
x 317 16 1
x 318 26 1
x 319 26 1
x 320 17 1
x 321 0 1
x 322 2 1
x 323 33 1
x 324 85 1
x 325 16 1
x 326 117 1
x 327 39 1
x 328 89 1
x 329 32 1
x 330 85 1
x 331 66 1
x 332 53 1
x 333 108 1
x 334 9 1
x 335 9 1
x 336 9 1
x 337 9 1
x 338 9 1
x 339 9 1
x 340 9 1
x 341 9 1
x 342 9 1
x 343 9 1
x 344 9 1
x 345 9 1
x 346 9 1
x 347 9 1
x 348 9 1
x 349 9 1
x 350 9 1
x 351 9 1
x 352 9 1
x 353 9 1
x 354 9 1
x 355 9 1
x 356 9 1
x 357 9 1
x 358 9 1
x 359 9 1
x 360 9 1
x 361 9 1
x 362 9 1
x 363 108 1
x 364 108 1
x 365 9 1
x 366 108 1
x 367 108 1
x 368 95 1
x 369 95 1
x 370 32 1
x 371 89 1
x 372 4 1
x 373 66 1
x 374 8 1
x 375 69 1
x 376 69 1
x 378 108 1
x 379 6 1
x 380 9 1
x 381 89 1
x 382 89 1
x 383 85 1
x 384 85 1
x 385 85 1
x 386 85 1
x 387 16 1
x 388 16 1
x 389 16 1
x 390 11 1
x 391 16 1
x 392 16 1
x 393 108 1
x 394 26 1
x 395 28 1
x 396 108 1
x 397 114 1
x 398 85 1
x 399 85 1
x 400 66 1
x 401 29 1
x 402 117 1
x 403 117 1
x 404 39 1
x 405 39 1
x 406 89 1
x 407 89 1
x 408 32 1
x 409 66 1
x 410 53 1
x 411 66 1
x 412 9 1
x 413 9 1
x 414 9 1
x 415 9 1
x 416 9 1
x 417 9 1
x 418 9 1
x 419 9 1
x 420 9 1
x 421 9 1
x 422 9 1
x 423 9 1
x 424 60 1
x 425 60 1
x 426 108 1
x 427 108 1
x 428 117 1
x 429 114 1
x 430 108 1
x 431 108 1
x 432 24 1
x 433 24 1
x 434 114 1
x 435 95 1
x 436 108 1
x 437 108 1
x 438 108 1
x 439 108 1
x 440 108 1
x 441 108 1
x 442 108 1
x 443 108 1
x 444 40 1
x 445 89 1
x 446 89 1
x 447 89 1
x 449 9 1
x 450 69 1
x 451 69 1
x 452 21 1
x 453 108 1
x 454 108 1
x 456 108 1
x 458 108 1
x 460 108 1
x 462 108 1
x 464 108 1
x 465 108 1
x 466 108 1
x 467 108 1
x 468 108 1
x 469 108 1
x 470 108 1
x 471 108 1
x 472 108 1
x 474 108 1
x 475 108 1
x 476 108 1
x 478 108 1
x 480 108 1
x 482 108 1
x 484 108 1
x 485 114 1
x 486 6 1
x 487 6 1
x 488 41 1
x 489 40 1
x 490 40 1
x 491 4 1
x 492 4 1
x 493 69 1
x 494 113 1
x 495 113 1
x 496 16 1
x 497 16 1
x 498 16 1
x 499 53 1
x 500 16 1
x 501 16 1
x 502 16 1
x 503 8 1
x 505 22 1
x 506 66 1
x 507 85 1
x 508 85 1
x 509 32 1
x 510 39 1
x 511 85 1
x 513 66 1
x 514 108 1
x 515 9 1
x 516 9 1
x 517 9 1
x 518 9 1
x 519 9 1
x 520 9 1
x 521 9 1
x 522 9 1
x 523 6 1
x 524 28 1
x 525 108 1
x 526 108 1
x 527 39 1
x 528 89 1
x 529 16 1
x 530 41 1
x 531 41 1
x 532 41 1
x 533 41 1
x 534 41 1
x 535 41 1
x 536 41 1
x 537 41 1
x 538 41 1
x 539 41 1
x 540 41 1
x 541 41 1
x 542 41 1
x 543 41 1
x 544 41 1
x 545 41 1
x 546 41 1
x 547 41 1
x 548 41 1
x 549 41 1
x 550 41 1
x 551 41 1
x 552 108 1
x 553 108 1
x 554 113 1
x 555 53 1
x 556 23 1
x 557 16 1
x 558 16 1
x 559 23 1
x 560 23 1
x 561 16 1
x 562 16 1
x 563 23 1
x 564 16 1
x 565 23 1
x 566 19 1
x 567 19 1
x 568 19 1
x 569 19 1
x 570 26 1
x 571 26 1
x 572 26 1
x 573 22 1
x 574 2 1
x 575 33 1
x 576 113 1
x 577 85 1
x 578 85 1
x 579 66 1
x 580 85 1
x 581 32 1
x 582 66 1
x 583 33 1
x 584 108 1
x 585 117 1
x 586 9 1
x 587 9 1
x 588 53 1
x 589 24 1
x 590 95 1
x 591 39 1
x 592 22 1
x 593 5 1
x 594 66 1
x 595 41 1
x 596 41 1
x 597 41 1
x 598 41 1
x 599 41 1
# --- z[k]: crew activation indicator ---
z 0 1
z 1 1
z 2 1
z 3 0
z 4 1
z 5 1
z 6 1
z 7 0
z 8 1
z 9 1
z 10 0
z 11 1
z 12 0
z 13 0
z 14 0
z 15 0
z 16 1
z 17 1
z 18 1
z 19 1
z 20 1
z 21 1
z 22 1
z 23 1
z 24 1
z 25 0
z 26 1
z 27 0
z 28 1
z 29 1
z 30 0
z 31 0
z 32 1
z 33 1
z 34 0
z 35 0
z 36 0
z 37 0
z 38 0
z 39 1
z 40 1
z 41 1
z 42 0
z 43 0
z 44 0
z 45 0
z 46 0
z 47 0
z 48 0
z 49 0
z 50 0
z 51 0
z 52 0
z 53 1
z 54 0
z 55 0
z 56 0
z 57 1
z 58 0
z 59 0
z 60 1
z 61 0
z 62 0
z 63 0
z 64 0
z 65 0
z 66 1
z 67 0
z 68 0
z 69 1
z 70 0
z 71 0
z 72 0
z 73 0
z 74 0
z 75 0
z 76 0
z 77 0
z 78 0
z 79 0
z 80 0
z 81 0
z 82 0
z 83 0
z 84 0
z 85 1
z 86 0
z 87 0
z 88 0
z 89 1
z 90 0
z 91 0
z 92 0
z 93 0
z 94 0
z 95 1
z 96 1
z 97 0
z 98 0
z 99 1
z 100 0
z 101 0
z 102 0
z 103 0
z 104 0
z 105 0
z 106 0
z 107 0
z 108 1
z 109 0
z 110 0
z 111 0
z 112 1
z 113 1
z 114 1
z 115 0
z 116 0
z 117 1
z 118 1
z 119 1
# --- t[i]: scheduled start time ---
t 0 0.0000
t 1 38.0000
t 2 72.7000
t 3 31.2000
t 4 0.0000
t 5 0.0000
t 6 0.0000
t 7 0.0000
t 8 46.0000
t 9 0.0000
t 10 0.0000
t 11 142.8000
t 12 0.0000
t 13 0.0000
t 14 0.0000
t 15 0.0000
t 16 0.0000
t 17 165.0000
t 18 0.0000
t 19 165.0000
t 20 0.0000
t 21 0.0000
t 22 0.0000
t 23 0.0000
t 24 48.7000
t 25 38.4000
t 26 7.2000
t 27 0.0000
t 28 25.0000
t 29 0.0000
t 30 79.9000
t 31 120.3000
t 32 28.2000
t 33 96.7000
t 34 33.9000
t 35 11.1000
t 36 0.0000
t 37 45.2000
t 38 0.0000
t 39 0.0000
t 40 64.0000
t 41 68.0000
t 42 0.0000
t 43 64.0000
t 44 68.0000
t 45 0.0000
t 46 4.0000
t 47 4.0000
t 48 64.8000
t 49 64.8000
t 50 0.0000
t 51 0.0000
t 52 0.0000
t 53 0.0000
t 54 0.0000
t 55 0.0000
t 56 0.0000
t 57 165.0000
t 58 0.0000
t 59 72.7000
t 60 26.0000
t 61 0.0000
t 62 0.0000
t 63 165.0000
t 64 0.0000
t 65 165.0000
t 66 0.0000
t 67 165.0000
t 68 0.0000
t 69 165.0000
t 70 0.0000
t 71 165.0000
t 72 0.0000
t 73 165.0000
t 74 0.0000
t 75 165.0000
t 76 0.0000
t 77 165.0000
t 78 0.0000
t 79 165.0000
t 80 0.0000
t 81 165.0000
t 82 0.0000
t 83 165.0000
t 84 0.0000
t 85 165.0000
t 86 0.0000
t 87 165.0000
t 88 0.0000
t 89 165.0000
t 90 0.0000
t 91 165.0000
t 92 0.0000
t 93 0.0000
t 94 165.0000
t 95 0.0000
t 96 0.0000
t 97 0.0000
t 98 27.0000
t 99 47.0000
t 100 0.0000
t 101 47.3000
t 102 0.0000
t 103 6.0000
t 104 48.7000
t 105 210.9000
t 106 0.0000
t 107 0.0000
t 108 128.0000
t 109 0.0000
t 110 0.0000
t 111 0.0000
t 112 0.0000
t 113 0.0000
t 114 81.4000
t 115 0.0000
t 116 24.0000
t 117 24.0000
t 118 24.0000
t 119 79.9000
t 120 24.0000
t 121 49.4000
t 122 24.0000
t 123 46.5000
t 124 24.0000
t 125 31.2000
t 126 24.0000
t 127 71.4000
t 128 24.0000
t 129 24.0000
t 130 54.6000
t 131 48.7000
t 132 24.0000
t 133 70.8000
t 134 46.8000
t 135 35.2000
t 136 54.0000
t 137 62.6000
t 138 24.0000
t 139 50.4000
t 140 24.0000
t 141 94.6000
t 142 94.6000
t 143 93.2000
t 144 28.0000
t 145 24.0000
t 146 93.2000
t 147 25.4000
t 148 24.0000
t 149 24.0000
t 150 24.0000
t 151 24.0000
t 152 49.4000
t 153 24.0000
t 154 24.0000
t 155 24.0000
t 156 24.0000
t 157 34.2000
t 158 24.0000
t 159 24.0000
t 160 117.7000
t 161 24.0000
t 162 26.3000
t 163 24.0000
t 164 24.0000
t 165 24.0000
t 166 24.0000
t 167 24.0000
t 168 24.0000
t 169 24.0000
t 170 24.0000
t 171 88.8000
t 172 24.0000
t 173 24.0000
t 174 88.8000
t 175 24.0000
t 176 24.0000
t 177 80.7000
t 178 24.0000
t 179 24.0000
t 180 24.0000
t 181 24.0000
t 182 24.0000
t 183 24.0000
t 184 24.0000
t 185 24.0000
t 186 24.0000
t 187 24.0000
t 188 88.8000
t 189 24.0000
t 190 24.0000
t 191 24.0000
t 192 88.8000
t 193 88.8000
t 194 24.0000
t 195 24.0000
t 196 24.0000
t 197 24.0000
t 198 24.0000
t 199 98.9000
t 200 48.0000
t 201 120.7000
t 202 57.4000
t 203 72.7000
t 204 51.5000
t 205 48.0000
t 206 48.0000
t 207 48.0000
t 208 48.0000
t 209 48.0000
t 210 48.0000
t 211 112.8000
t 212 48.0000
t 213 103.2000
t 214 0.0000
t 215 48.0000
t 216 477.8000
t 217 477.8000
t 218 48.0000
t 219 48.7000
t 220 395.2000
t 221 91.2000
t 222 112.8000
t 223 48.0000
t 224 48.0000
t 225 48.0000
t 226 48.0000
t 227 48.0000
t 228 48.0000
t 229 49.4000
t 230 185.0000
t 231 48.0000
t 232 82.4000
t 233 62.1000
t 234 76.8000
t 235 48.0000
t 236 48.0000
t 237 1339.0000
t 238 53.0000
t 239 48.0000
t 240 48.0000
t 241 129.9000
t 242 48.0000
t 243 48.0000
t 244 48.0000
t 245 48.0000
t 246 48.0000
t 247 48.0000
t 248 119.3000
t 249 48.0000
t 250 48.7000
t 251 48.0000
t 252 48.0000
t 253 48.0000
t 254 72.7000
t 255 48.7000
t 256 48.0000
t 257 49.7000
t 258 49.0000
t 259 48.0000
t 260 48.0000
t 261 48.0000
t 262 48.0000
t 263 48.0000
t 264 48.0000
t 265 51.1000
t 266 48.0000
t 267 48.0000
t 268 73.4000
t 269 48.0000
t 270 48.0000
t 271 48.0000
t 272 48.0000
t 273 48.0000
t 274 48.0000
t 275 50.9000
t 276 48.0000
t 277 48.0000
t 278 48.0000
t 279 48.0000
t 280 48.0000
t 281 48.0000
t 282 48.0000
t 283 48.0000
t 284 48.0000
t 285 48.0000
t 286 48.0000
t 287 48.0000
t 288 48.0000
t 289 48.0000
t 290 48.0000
t 291 48.0000
t 292 48.0000
t 293 48.0000
t 294 48.0000
t 295 48.0000
t 296 48.0000
t 297 48.0000
t 298 48.0000
t 299 48.0000
t 300 216.0001
t 301 48.0000
t 302 48.0000
t 303 48.0000
t 304 48.0000
t 305 48.0000
t 306 0.0000
t 307 48.0000
t 308 72.7000
t 309 48.0000
t 310 48.0000
t 311 48.0000
t 312 48.0000
t 313 72.0000
t 314 72.0000
t 315 72.0000
t 316 76.2000
t 317 72.0000
t 318 72.0000
t 319 72.0000
t 320 72.0000
t 321 105.6000
t 322 98.4000
t 323 72.0000
t 324 73.4000
t 325 72.0000
t 326 72.7000
t 327 84.6000
t 328 95.4000
t 329 72.0000
t 330 106.2000
t 331 72.0000
t 332 124.9000
t 333 72.0000
t 334 72.0000
t 335 72.0000
t 336 72.0000
t 337 72.0000
t 338 81.7000
t 339 72.7000
t 340 72.0000
t 341 72.7000
t 342 72.0000
t 343 72.0000
t 344 73.6000
t 345 72.0000
t 346 72.0000
t 347 72.0000
t 348 72.0000
t 349 72.0000
t 350 72.0000
t 351 72.0000
t 352 72.0000
t 353 72.0000
t 354 72.7000
t 355 72.0000
t 356 72.0000
t 357 76.1000
t 358 72.0000
t 359 72.0000
t 360 72.0000
t 361 72.0000
t 362 96.7000
t 363 72.0000
t 364 72.0000
t 365 72.0000
t 366 72.0000
t 367 73.0000
t 368 72.0000
t 369 72.7000
t 370 72.0000
t 371 73.4000
t 372 72.0000
t 373 159.8000
t 374 96.0001
t 375 227.2000
t 376 72.0000
t 377 0.0000
t 378 72.0000
t 379 72.0000
t 380 72.0000
t 381 79.2000
t 382 72.0000
t 383 72.0000
t 384 72.0000
t 385 72.0000
t 386 72.0000
t 387 96.0000
t 388 128.9000
t 389 96.0000
t 390 96.0000
t 391 96.0000
t 392 96.0000
t 393 180.0000
t 394 216.0001
t 395 96.0000
t 396 96.0000
t 397 96.0000
t 398 96.0000
t 399 96.0000
t 400 111.3000
t 401 96.0000
t 402 123.0000
t 403 118.0000
t 404 137.1000
t 405 96.0000
t 406 96.0000
t 407 125.2000
t 408 96.0000
t 409 96.0000
t 410 96.0000
t 411 120.5000
t 412 96.0000
t 413 96.0000
t 414 96.0000
t 415 96.0000
t 416 96.0000
t 417 96.0000
t 418 96.0000
t 419 96.0000
t 420 96.0000
t 421 96.0000
t 422 96.0000
t 423 96.0000
t 424 164.8000
t 425 96.0000
t 426 96.0000
t 427 96.0000
t 428 96.0000
t 429 96.0000
t 430 156.5000
t 431 96.0000
t 432 115.0000
t 433 96.0000
t 434 96.0000
t 435 107.1000
t 436 99.5000
t 437 160.0000
t 438 109.5000
t 439 181.2000
t 440 129.5000
t 441 191.2000
t 442 119.5000
t 443 170.0000
t 444 96.0000
t 445 106.8000
t 446 118.8000
t 447 96.0000
t 448 0.0000
t 449 96.0000
t 450 96.0000
t 451 96.0000
t 452 96.0000
t 453 103.2000
t 454 139.2000
t 455 0.0000
t 456 124.8000
t 457 0.0000
t 458 132.0000
t 459 0.0000
t 460 117.6000
t 461 0.0000
t 462 146.4000
t 463 0.0000
t 464 168.0000
t 465 96.0000
t 466 153.6000
t 467 110.4000
t 468 160.8000
t 469 110.4000
t 470 168.0000
t 471 96.0000
t 472 153.6000
t 473 0.0000
t 474 124.8000
t 475 103.2000
t 476 117.6000
t 477 0.0000
t 478 146.4000
t 479 0.0000
t 480 160.8000
t 481 0.0000
t 482 139.2000
t 483 0.0000
t 484 132.0000
t 485 96.0000
t 486 96.0000
t 487 96.0000
t 488 520.8000
t 489 96.0000
t 490 96.0000
t 491 96.0000
t 492 96.0000
t 493 96.0000
t 494 96.0000
t 495 96.0000
t 496 129.7000
t 497 120.0000
t 498 127.2000
t 499 172.5000
t 500 124.9000
t 501 120.0000
t 502 120.0000
t 503 120.0000
t 504 0.0000
t 505 120.0000
t 506 120.0000
t 507 120.0000
t 508 120.0000
t 509 120.7000
t 510 120.0000
t 511 120.0000
t 512 0.0000
t 513 120.0000
t 514 149.7000
t 515 120.0000
t 516 120.0000
t 517 166.2000
t 518 120.0000
t 519 120.0000
t 520 120.0000
t 521 120.0000
t 522 120.0000
t 523 120.0000
t 524 168.0001
t 525 122.0000
t 526 120.0000
t 527 145.0000
t 528 120.0000
t 529 120.0000
t 530 120.0000
t 531 120.0000
t 532 120.0000
t 533 120.0000
t 534 120.0000
t 535 120.0000
t 536 120.0000
t 537 120.0000
t 538 120.0000
t 539 120.0000
t 540 120.0000
t 541 120.0000
t 542 120.0000
t 543 120.0000
t 544 120.0000
t 545 120.0000
t 546 120.0000
t 547 120.0000
t 548 120.0000
t 549 120.0000
t 550 120.0000
t 551 120.0000
t 552 121.0000
t 553 120.0000
t 554 120.0000
t 555 148.2000
t 556 144.0000
t 557 153.0000
t 558 144.0000
t 559 169.0000
t 560 144.0000
t 561 144.0000
t 562 157.0000
t 563 144.0000
t 564 147.7000
t 565 144.0000
t 566 144.0000
t 567 144.0000
t 568 144.0000
t 569 144.0000
t 570 144.0000
t 571 151.2000
t 572 144.0000
t 573 573.8000
t 574 144.0000
t 575 144.0000
t 576 144.0000
t 577 144.0000
t 578 151.2000
t 579 144.0000
t 580 144.0000
t 581 144.0000
t 582 144.0000
t 583 144.0000
t 584 144.0000
t 585 144.0000
t 586 144.0000
t 587 144.0000
t 588 144.0000
t 589 144.0000
t 590 144.0000
t 591 144.0000
t 592 144.0000
t 593 144.0000
t 594 144.0000
t 595 144.0000
t 596 144.0000
t 597 144.0000
t 598 144.0000
t 599 144.0000
# --- delta[i1,i2]: machine ordering (only pairs with a value listed) ---
d 0 138 1
d 0 200 1
d 138 200 1
d 1 28 0
d 1 37 1
d 1 39 0
d 1 152 1
d 1 315 1
d 28 37 1
d 28 39 0
d 28 152 1
d 28 315 1
d 37 39 0
d 37 152 1
d 37 315 1
d 39 152 1
d 39 315 1
d 152 315 1
d 2 346 0
d 2 516 1
d 346 516 1
d 3 179 0
d 3 231 1
d 179 231 1
d 4 204 1
d 4 264 1
d 204 264 0
d 5 560 1
d 6 502 1
d 7 521 1
d 7 561 1
d 521 561 1
d 8 134 1
d 8 135 0
d 8 136 1
d 8 168 0
d 8 344 1
d 8 418 1
d 134 135 0
d 134 136 1
d 134 168 0
d 134 344 1
d 134 418 1
d 135 136 1
d 135 168 0
d 135 344 1
d 135 418 1
d 136 168 0
d 136 344 1
d 136 418 1
d 168 344 1
d 168 418 1
d 344 418 1
d 9 24 1
d 9 252 1
d 9 316 1
d 9 329 1
d 9 330 1
d 24 252 0
d 24 316 1
d 24 329 1
d 24 330 1
d 252 316 1
d 252 329 1
d 252 330 1
d 316 329 0
d 316 330 1
d 329 330 1
d 11 213 0
d 11 395 0
d 213 395 0
d 17 18 0
d 19 20 0
d 22 193 1
d 22 194 1
d 193 194 0
d 23 153 1
d 25 26 0
d 25 27 0
d 25 125 0
d 25 126 0
d 25 221 1
d 25 222 1
d 25 321 1
d 25 322 1
d 25 574 1
d 26 27 0
d 26 125 1
d 26 126 1
d 26 221 1
d 26 222 1
d 26 321 1
d 26 322 1
d 26 574 1
d 27 125 1
d 27 126 1
d 27 221 1
d 27 222 1
d 27 321 1
d 27 322 1
d 27 574 1
d 125 126 0
d 125 221 1
d 125 222 1
d 125 321 1
d 125 322 1
d 125 574 1
d 126 221 1
d 126 222 1
d 126 321 1
d 126 322 1
d 126 574 1
d 221 222 1
d 221 321 1
d 221 322 1
d 221 574 1
d 222 321 0
d 222 322 0
d 222 574 1
d 321 322 0
d 321 574 1
d 322 574 1
d 29 155 1
d 29 157 1
d 155 157 1
d 30 203 0
d 30 359 0
d 30 399 1
d 30 512 0
d 30 558 1
d 30 578 1
d 203 359 0
d 203 399 1
d 203 512 0
d 203 558 1
d 203 578 1
d 359 399 1
d 359 512 0
d 359 558 1
d 359 578 1
d 399 512 0
d 399 558 1
d 399 578 1
d 512 558 0
d 512 578 0
d 558 578 1
d 31 38 0
d 31 331 0
d 31 400 0
d 38 331 1
d 38 400 1
d 331 400 1
d 32 132 0
d 32 225 1
d 132 225 1
d 33 347 0
d 33 369 0
d 33 420 0
d 33 510 1
d 347 369 1
d 347 420 1
d 347 510 1
d 369 420 1
d 369 510 1
d 420 510 1
d 34 35 0
d 34 107 0
d 35 107 0
d 36 263 0
d 36 358 0
d 263 358 1
d 40 44 1
d 40 45 0
d 40 46 0
d 44 45 0
d 44 46 0
d 45 46 1
d 41 42 0
d 41 43 0
d 41 47 0
d 42 43 1
d 42 47 1
d 43 47 0
d 48 51 0
d 49 55 0
d 49 493 1
d 55 493 1
d 54 450 1
d 57 58 0
d 59 60 0
d 59 118 0
d 59 336 0
d 60 118 0
d 60 336 1
d 118 336 1
d 61 486 1
d 62 590 1
d 63 64 0
d 65 66 0
d 67 68 0
d 69 70 0
d 71 72 0
d 73 74 0
d 75 76 0
d 77 78 0
d 79 80 0
d 81 82 0
d 83 84 0
d 85 86 0
d 87 88 0
d 89 90 0
d 91 92 0
d 94 95 0
d 97 435 1
d 97 447 1
d 435 447 0
d 98 99 1
d 98 162 0
d 98 163 0
d 99 162 0
d 99 163 0
d 162 163 0
d 100 122 1
d 100 267 1
d 100 524 1
d 100 571 1
d 100 572 1
d 122 267 1
d 122 524 1
d 122 571 1
d 122 572 1
d 267 524 1
d 267 571 1
d 267 572 1
d 524 571 0
d 524 572 0
d 571 572 0
d 101 164 0
d 103 106 0
d 103 149 1
d 103 527 1
d 103 591 1
d 106 149 1
d 106 527 1
d 106 591 1
d 149 527 1
d 149 591 1
d 527 591 0
d 104 246 0
d 104 414 1
d 246 414 1
d 105 567 0
d 108 202 0
d 108 229 0
d 108 255 0
d 108 256 0
d 108 389 0
d 108 507 0
d 108 557 1
d 202 229 0
d 202 255 0
d 202 256 0
d 202 389 1
d 202 507 1
d 202 557 1
d 229 255 0
d 229 256 0
d 229 389 1
d 229 507 1
d 229 557 1
d 255 256 0
d 255 389 1
d 255 507 1
d 255 557 1
d 256 389 1
d 256 507 1
d 256 557 1
d 389 507 1
d 389 557 1
d 507 557 1
d 109 227 1
d 110 372 1
d 112 192 1
d 112 195 1
d 112 374 1
d 192 195 0
d 192 374 1
d 195 374 1
d 113 175 1
d 114 268 0
d 114 339 0
d 114 340 0
d 268 339 0
d 268 340 0
d 339 340 0
d 115 381 1
d 115 382 1
d 381 382 0
d 117 131 1
d 117 259 1
d 131 259 0
d 119 177 1
d 119 326 0
d 119 337 0
d 119 416 1
d 177 326 0
d 177 337 0
d 177 416 1
d 326 337 0
d 326 416 1
d 337 416 1
d 120 228 1
d 120 408 1
d 228 408 1
d 121 250 0
d 121 251 0
d 250 251 0
d 123 154 0
d 123 586 1
d 154 586 1
d 127 198 0
d 127 575 1
d 198 575 1
d 129 370 1
d 129 409 1
d 370 409 1
d 130 137 1
d 130 139 0
d 130 170 0
d 130 257 0
d 130 258 0
d 130 508 1
d 137 139 0
d 137 170 0
d 137 257 0
d 137 258 0
d 137 508 1
d 139 170 0
d 139 257 0
d 139 258 0
d 139 508 1
d 170 257 1
d 170 258 1
d 170 508 1
d 257 258 0
d 257 508 1
d 258 508 1
d 133 140 0
d 133 236 0
d 133 519 1
d 140 236 1
d 140 519 1
d 236 519 1
d 141 146 0
d 141 147 0
d 141 148 0
d 146 147 0
d 146 148 0
d 147 148 0
d 142 143 0
d 142 144 0
d 142 145 0
d 143 144 0
d 143 145 0
d 144 145 0
d 150 241 1
d 150 242 1
d 150 404 1
d 150 406 1
d 150 446 1
d 241 242 0
d 241 404 1
d 241 406 0
d 241 446 0
d 242 404 1
d 242 406 1
d 242 446 1
d 404 406 0
d 404 446 0
d 406 446 1
d 156 500 1
d 156 501 1
d 500 501 0
d 159 428 1
d 160 365 0
d 167 379 1
d 171 191 0
d 172 260 1
d 172 320 1
d 172 401 1
d 260 320 1
d 260 401 1
d 320 401 1
d 174 299 0
d 178 348 1
d 178 403 1
d 178 405 1
d 178 407 1
d 178 445 1
d 178 517 1
d 348 403 1
d 348 405 1
d 348 407 1
d 348 445 1
d 348 517 1
d 403 405 0
d 403 407 1
d 403 445 0
d 403 517 1
d 405 407 1
d 405 445 1
d 405 517 1
d 407 445 0
d 407 517 1
d 445 517 1
d 188 189 0
d 190 593 1
d 199 305 0
d 199 387 0
d 199 496 1
d 305 387 1
d 305 496 1
d 387 496 1
d 201 219 0
d 201 261 0
d 201 522 0
d 219 261 0
d 219 522 1
d 261 522 1
d 207 317 1
d 209 318 1
d 209 394 1
d 318 394 1
d 211 212 0
d 214 319 0
d 214 504 0
d 319 504 0
d 216 277 0
d 217 276 0
d 218 587 1
d 220 566 0
d 230 234 0
d 230 235 0
d 230 265 0
d 230 357 0
d 234 235 0
d 234 265 0
d 234 357 0
d 235 265 1
d 235 357 1
d 265 357 1
d 232 233 0
d 232 269 0
d 232 275 0
d 232 338 0
d 232 589 1
d 233 269 0
d 233 275 0
d 233 338 1
d 233 589 1
d 269 275 1
d 269 338 1
d 269 589 1
d 275 338 1
d 275 589 1
d 338 589 1
d 237 238 0
d 237 239 0
d 238 239 0
d 243 413 1
d 248 266 0
d 249 313 1
d 249 555 1
d 249 581 1
d 313 555 1
d 313 581 1
d 555 581 0
d 253 520 1
d 254 351 0
d 273 506 1
d 300 303 0
d 306 307 0
d 308 334 0
d 308 563 1
d 334 563 1
d 324 354 0
d 324 355 0
d 324 422 1
d 324 559 1
d 324 588 1
d 354 355 0
d 354 422 1
d 354 559 1
d 354 588 1
d 355 422 1
d 355 559 1
d 355 588 1
d 422 559 1
d 422 588 1
d 559 588 0
d 325 582 1
d 327 328 1
d 327 341 0
d 327 342 0
d 327 371 0
d 327 402 1
d 327 432 1
d 328 341 0
d 328 342 0
d 328 371 0
d 328 402 1
d 328 432 1
d 341 342 0
d 341 371 1
d 341 402 1
d 341 432 1
d 342 371 1
d 342 402 1
d 342 432 1
d 371 402 1
d 371 432 1
d 402 432 0
d 332 509 0
d 332 518 0
d 332 564 1
d 509 518 0
d 509 564 1
d 518 564 1
d 345 433 1
d 349 388 1
d 349 421 1
d 349 497 1
d 349 556 1
d 388 421 0
d 388 497 0
d 388 556 1
d 421 497 1
d 421 556 1
d 497 556 1
d 350 499 1
d 350 511 1
d 499 511 0
d 352 565 1
d 353 398 1
d 356 562 1
d 356 577 1
d 562 577 0
d 360 580 1
d 361 362 1
d 361 423 1
d 362 423 0
d 363 514 1
d 363 584 1
d 514 584 0
d 366 367 1
d 368 417 1
d 368 515 1
d 417 515 1
d 373 594 0
d 375 376 0
d 377 378 0
d 393 430 0
d 393 431 0
d 393 436 0
d 393 437 0
d 393 438 0
d 393 439 1
d 393 440 0
d 393 441 1
d 393 442 0
d 393 443 0
d 430 431 0
d 430 436 0
d 430 437 1
d 430 438 0
d 430 439 1
d 430 440 0
d 430 441 1
d 430 442 0
d 430 443 1
d 431 436 1
d 431 437 1
d 431 438 1
d 431 439 1
d 431 440 1
d 431 441 1
d 431 442 1
d 431 443 1
d 436 437 1
d 436 438 1
d 436 439 1
d 436 440 1
d 436 441 1
d 436 442 1
d 436 443 1
d 437 438 0
d 437 439 1
d 437 440 0
d 437 441 1
d 437 442 0
d 437 443 1
d 438 439 1
d 438 440 1
d 438 441 1
d 438 442 1
d 438 443 1
d 439 440 0
d 439 441 1
d 439 442 0
d 439 443 0
d 440 441 1
d 440 442 0
d 440 443 1
d 441 442 0
d 441 443 0
d 442 443 1
d 410 411 1
d 410 529 1
d 411 529 0
d 415 585 1
d 424 425 0
d 453 454 1
d 453 455 1
d 453 456 1
d 453 457 0
d 453 458 1
d 453 459 0
d 453 460 1
d 453 461 0
d 453 462 1
d 453 463 0
d 453 464 1
d 453 465 0
d 453 466 1
d 453 467 1
d 453 468 1
d 454 455 0
d 454 456 0
d 454 457 0
d 454 458 0
d 454 459 0
d 454 460 0
d 454 461 0
d 454 462 1
d 454 463 0
d 454 464 1
d 454 465 0
d 454 466 1
d 454 467 0
d 454 468 1
d 455 456 1
d 455 457 1
d 455 458 1
d 455 459 0
d 455 460 1
d 455 461 0
d 455 462 1
d 455 463 0
d 455 464 1
d 455 465 0
d 455 466 1
d 455 467 0
d 455 468 1
d 456 457 0
d 456 458 1
d 456 459 0
d 456 460 0
d 456 461 0
d 456 462 1
d 456 463 0
d 456 464 1
d 456 465 0
d 456 466 1
d 456 467 0
d 456 468 1
d 457 458 1
d 457 459 0
d 457 460 1
d 457 461 1
d 457 462 1
d 457 463 1
d 457 464 1
d 457 465 1
d 457 466 1
d 457 467 1
d 457 468 1
d 458 459 0
d 458 460 0
d 458 461 0
d 458 462 1
d 458 463 0
d 458 464 1
d 458 465 0
d 458 466 1
d 458 467 0
d 458 468 1
d 459 460 1
d 459 461 1
d 459 462 1
d 459 463 1
d 459 464 1
d 459 465 0
d 459 466 1
d 459 467 0
d 459 468 1
d 460 461 0
d 460 462 1
d 460 463 0
d 460 464 1
d 460 465 0
d 460 466 1
d 460 467 0
d 460 468 1
d 461 462 1
d 461 463 0
d 461 464 1
d 461 465 1
d 461 466 1
d 461 467 1
d 461 468 1
d 462 463 0
d 462 464 1
d 462 465 0
d 462 466 1
d 462 467 0
d 462 468 1
d 463 464 1
d 463 465 1
d 463 466 1
d 463 467 1
d 463 468 1
d 464 465 0
d 464 466 0
d 464 467 0
d 464 468 0
d 465 466 1
d 465 467 1
d 465 468 1
d 466 467 0
d 466 468 1
d 467 468 1
d 469 470 1
d 469 471 0
d 469 472 1
d 469 473 1
d 469 474 1
d 469 475 0
d 469 476 1
d 469 477 0
d 469 478 1
d 469 479 1
d 469 480 1
d 469 481 1
d 469 482 1
d 469 483 0
d 469 484 1
d 470 471 0
d 470 472 0
d 470 473 0
d 470 474 0
d 470 475 0
d 470 476 0
d 470 477 0
d 470 478 0
d 470 479 0
d 470 480 0
d 470 481 0
d 470 482 0
d 470 483 0
d 470 484 0
d 471 472 1
d 471 473 1
d 471 474 1
d 471 475 1
d 471 476 1
d 471 477 0
d 471 478 1
d 471 479 0
d 471 480 1
d 471 481 1
d 471 482 1
d 471 483 0
d 471 484 1
d 472 473 0
d 472 474 0
d 472 475 0
d 472 476 0
d 472 477 0
d 472 478 0
d 472 479 0
d 472 480 1
d 472 481 0
d 472 482 0
d 472 483 0
d 472 484 0
d 473 474 1
d 473 475 0
d 473 476 1
d 473 477 1
d 473 478 1
d 473 479 0
d 473 480 1
d 473 481 1
d 473 482 1
d 473 483 1
d 473 484 1
d 474 475 0
d 474 476 0
d 474 477 0
d 474 478 1
d 474 479 0
d 474 480 1
d 474 481 0
d 474 482 1
d 474 483 0
d 474 484 1
d 475 476 1
d 475 477 0
d 475 478 1
d 475 479 1
d 475 480 1
d 475 481 1
d 475 482 1
d 475 483 0
d 475 484 1
d 476 477 0
d 476 478 1
d 476 479 0
d 476 480 1
d 476 481 0
d 476 482 1
d 476 483 0
d 476 484 1
d 477 478 1
d 477 479 0
d 477 480 1
d 477 481 0
d 477 482 1
d 477 483 0
d 477 484 1
d 478 479 0
d 478 480 1
d 478 481 0
d 478 482 0
d 478 483 0
d 478 484 0
d 479 480 1
d 479 481 0
d 479 482 1
d 479 483 1
d 479 484 1
d 480 481 0
d 480 482 0
d 480 483 0
d 480 484 0
d 481 482 1
d 481 483 0
d 481 484 1
d 482 483 0
d 482 484 0
d 483 484 1
d 488 491 0
d 498 513 0
d 525 526 0
d 552 553 0
d 573 592 0
# --- mean_V[i]: virtual age computed at runtime (for reference) ---
v 0 0.149537
v 1 0.000000
v 2 0.064349
v 3 0.042275
v 4 0.064349
v 5 0.558643
v 6 0.148346
v 7 0.149424
v 8 0.064349
v 9 0.046103
v 10 78.547125
v 11 0.094443
v 12 79.473576
v 13 79.699249
v 14 79.161213
v 15 79.502321
v 16 84.894207
v 17 0.193047
v 18 82.484749
v 19 0.193047
v 20 82.557577
v 21 72.719292
v 22 82.857403
v 23 0.053390
v 24 75.297473
v 25 0.000000
v 26 0.000000
v 27 0.009125
v 28 0.040322
v 29 0.000000
v 30 0.064349
v 31 50.453187
v 32 82.427466
v 33 70.236603
v 34 1.851659
v 35 0.000000
v 36 0.064349
v 37 0.000000
v 38 0.151020
v 39 82.264348
v 40 0.064349
v 41 0.064349
v 42 0.000000
v 43 0.000000
v 44 0.000000
v 45 0.000000
v 46 85.483793
v 47 85.486321
v 48 0.000000
v 49 0.000000
v 50 87.038523
v 51 86.226686
v 52 87.010688
v 53 87.023440
v 54 0.295504
v 55 0.243861
v 56 87.023020
v 57 0.193047
v 58 82.482028
v 59 0.000000
v 60 65.816765
v 61 0.145669
v 62 0.320273
v 63 0.193047
v 64 82.516404
v 65 0.193047
v 66 82.635596
v 67 0.193047
v 68 82.381303
v 69 0.193047
v 70 82.516740
v 71 0.193047
v 72 82.557476
v 73 0.193047
v 74 82.620994
v 75 0.193047
v 76 82.448884
v 77 0.193047
v 78 82.516029
v 79 0.193047
v 80 82.642663
v 81 0.193047
v 82 82.514967
v 83 0.193047
v 84 82.507165
v 85 0.193047
v 86 82.617625
v 87 0.193047
v 88 82.499526
v 89 0.193047
v 90 82.531896
v 91 0.193047
v 92 82.571608
v 93 87.589031
v 94 0.193047
v 95 82.589087
v 96 87.406986
v 97 0.146256
v 98 66.084600
v 99 2.995638
v 100 0.000000
v 101 0.322092
v 102 79.001440
v 103 0.064349
v 104 0.064349
v 105 21.816584
v 106 0.120298
v 107 66.837834
v 108 70.268073
v 109 0.064349
v 110 0.132175
v 111 87.031338
v 112 0.033795
v 113 1.066902
v 114 0.064349
v 115 0.147361
v 116 86.944346
v 117 0.000000
v 118 1.272319
v 119 0.064349
v 120 0.032925
v 121 0.032857
v 122 0.000000
v 123 0.041943
v 124 86.272867
v 125 0.000000
v 126 0.000000
v 127 0.064349
v 128 86.478072
v 129 0.142485
v 130 0.033815
v 131 0.020070
v 132 0.059527
v 133 0.064349
v 134 0.000000
v 135 0.000000
v 136 0.000000
v 137 54.713031
v 138 81.221466
v 139 0.000000
v 140 0.058353
v 141 0.064349
v 142 0.064349
v 143 0.000000
v 144 0.000000
v 145 84.412396
v 146 0.000000
v 147 0.000000
v 148 84.266314
v 149 0.194554
v 150 0.159323
v 151 86.375475
v 152 0.000000
v 153 85.985497
v 154 0.207934
v 155 82.915417
v 156 0.000000
v 157 0.288338
v 158 85.997339
v 159 3.220365
v 160 0.064349
v 161 84.774789
v 162 0.064349
v 163 0.054127
v 164 82.836484
v 165 85.985670
v 166 86.966342
v 167 0.141905
v 168 0.000000
v 169 85.787040
v 170 0.157653
v 171 0.064349
v 172 0.000000
v 173 86.879027
v 174 0.301789
v 175 75.256313
v 176 84.784864
v 177 0.000000
v 178 0.064349
v 179 2.301960
v 180 85.933591
v 181 81.382825
v 182 81.626697
v 183 81.361659
v 184 81.778707
v 185 81.697296
v 186 81.695804
v 187 81.699813
v 188 0.064349
v 189 85.347393
v 190 0.149978
v 191 85.327302
v 192 0.000000
v 193 0.064349
v 194 0.064305
v 195 0.057914
v 196 83.659576
v 197 86.420644
v 198 0.069281
v 199 75.235039
v 200 0.105491
v 201 0.000000
v 202 0.064349
v 203 0.065910
v 204 83.653365
v 205 86.434217
v 206 85.832222
v 207 0.064349
v 208 84.072056
v 209 0.293049
v 210 84.233350
v 211 0.139437
v 212 82.668889
v 213 0.134655
v 214 0.043463
v 215 84.174815
v 216 1.801775
v 217 1.801775
v 218 0.317149
v 219 0.064349
v 220 20.071747
v 221 0.000000
v 222 0.027749
v 223 85.958231
v 224 83.580563
v 225 0.036045
v 226 86.382957
v 227 85.256755
v 228 0.350194
v 229 0.000000
v 230 0.000000
v 231 70.917776
v 232 0.000000
v 233 0.000000
v 234 0.000000
v 235 0.193047
v 236 70.163042
v 237 13.513314
v 238 0.000000
v 239 39.624605
v 240 85.831363
v 241 0.000000
v 242 0.000000
v 243 0.296906
v 244 85.884427
v 245 86.390222
v 246 0.061863
v 247 86.482697
v 248 0.133899
v 249 0.064349
v 250 0.000000
v 251 84.701131
v 252 0.073339
v 253 0.146937
v 254 0.064349
v 255 0.000000
v 256 0.043870
v 257 0.000000
v 258 0.000000
v 259 85.149008
v 260 0.032378
v 261 0.053817
v 262 78.537939
v 263 0.088846
v 264 0.067393
v 265 80.753414
v 266 82.472951
v 267 0.106634
v 268 82.813193
v 269 0.056100
v 270 80.451779
v 271 80.616120
v 272 85.593651
v 273 0.193047
v 274 85.219682
v 275 0.014457
v 276 71.503815
v 277 71.206112
v 278 86.555654
v 279 78.253817
v 280 78.193882
v 281 77.489963
v 282 78.481600
v 283 79.159278
v 284 78.601936
v 285 78.281805
v 286 78.894205
v 287 78.428568
v 288 78.176622
v 289 78.564542
v 290 78.245913
v 291 78.823869
v 292 78.718787
v 293 78.642306
v 294 78.302481
v 295 78.481403
v 296 80.840178
v 297 83.745000
v 298 84.179300
v 299 81.270246
v 300 79.623796
v 301 83.895962
v 302 83.700323
v 303 0.386095
v 304 83.872311
v 305 0.241634
v 306 0.153169
v 307 83.560302
v 308 0.193047
v 309 81.123821
v 310 78.569357
v 311 78.666030
v 312 86.881753
v 313 0.171609
v 314 82.328390
v 315 0.038229
v 316 0.000000
v 317 84.662269
v 318 0.000000
v 319 83.618874
v 320 0.064349
v 321 0.000000
v 322 0.068500
v 323 68.655248
v 324 0.000000
v 325 0.137352
v 326 81.699447
v 327 0.000000
v 328 77.751806
v 329 0.000000
v 330 0.773261
v 331 2.641653
v 332 0.193047
v 333 83.535930
v 334 0.243039
v 335 86.399935
v 336 0.273323
v 337 0.030027
v 338 0.064349
v 339 0.000000
v 340 0.032936
v 341 0.064349
v 342 0.042565
v 343 85.705140
v 344 0.022574
v 345 0.134193
v 346 0.047643
v 347 0.134728
v 348 0.046608
v 349 0.135612
v 350 0.135276
v 351 84.664959
v 352 0.512135
v 353 0.193047
v 354 0.193047
v 355 0.000000
v 356 0.193047
v 357 0.089346
v 358 83.924369
v 359 0.000000
v 360 5.084803
v 361 0.193047
v 362 0.000000
v 363 75.915773
v 364 85.675897
v 365 84.203416
v 366 0.064349
v 367 84.660358
v 368 81.103262
v 369 0.053249
v 370 0.000000
v 371 0.000000
v 372 84.432396
v 373 80.320360
v 374 83.366890
v 375 0.531279
v 376 78.853065
v 377 0.294619
v 378 82.689455
v 379 83.312823
v 380 85.870238
v 381 0.000000
v 382 82.379210
v 383 86.401308
v 384 86.521079
v 385 86.578268
v 386 86.488073
v 387 0.193047
v 388 0.000000
v 389 0.000000
v 390 84.005996
v 391 85.313105
v 392 85.300710
v 393 16.184771
v 394 80.015943
v 395 80.349503
v 396 82.832065
v 397 77.604371
v 398 83.814855
v 399 0.000000
v 400 3.948677
v 401 81.578906
v 402 0.000000
v 403 0.000000
v 404 0.000000
v 405 0.000000
v 406 77.126547
v 407 0.000000
v 408 79.413379
v 409 83.584413
v 410 0.193047
v 411 1.607529
v 412 84.595153
v 413 80.413491
v 414 83.416865
v 415 0.316880
v 416 0.000000
v 417 0.193047
v 418 82.375079
v 419 84.553344
v 420 0.000000
v 421 0.000000
v 422 0.163537
v 423 81.975284
v 424 0.193047
v 425 82.633289
v 426 85.802715
v 427 84.814549
v 428 70.427260
v 429 77.642877
v 430 0.193047
v 431 0.000000
v 432 0.030829
v 433 82.630345
v 434 77.561405
v 435 0.000000
v 436 0.000000
v 437 0.000000
v 438 0.000000
v 439 0.000000
v 440 0.000000
v 441 0.000000
v 442 0.913633
v 443 22.005444
v 444 83.182330
v 445 80.707508
v 446 0.169139
v 447 81.831833
v 448 86.502589
v 449 84.595626
v 450 81.408216
v 451 82.746331
v 452 84.894214
v 453 0.064349
v 454 0.000000
v 455 0.000000
v 456 0.000000
v 457 0.000000
v 458 0.000000
v 459 0.000000
v 460 0.000000
v 461 0.000000
v 462 0.000000
v 463 0.000000
v 464 0.000000
v 465 0.000000
v 466 0.000000
v 467 0.255129
v 468 73.993812
v 469 0.064349
v 470 0.000000
v 471 0.000000
v 472 0.000000
v 473 0.000000
v 474 0.000000
v 475 0.000000
v 476 0.000000
v 477 0.000000
v 478 0.000000
v 479 0.000000
v 480 0.000000
v 481 0.000000
v 482 0.000000
v 483 0.254979
v 484 73.994904
v 485 71.465537
v 486 83.623933
v 487 84.396140
v 488 1.801775
v 489 77.769108
v 490 77.434849
v 491 70.129067
v 492 77.709211
v 493 80.967192
v 494 76.478218
v 495 75.964980
v 496 0.080289
v 497 0.182068
v 498 0.386095
v 499 0.000000
v 500 79.702101
v 501 0.304068
v 502 84.054646
v 503 79.713912
v 504 0.063410
v 505 68.713971
v 506 82.674728
v 507 0.000000
v 508 8.517842
v 509 79.670957
v 510 1.085176
v 511 82.079775
v 512 83.529799
v 513 80.795852
v 514 0.297639
v 515 0.000000
v 516 82.390170
v 517 0.000000
v 518 0.000000
v 519 1.910264
v 520 83.181299
v 521 0.000000
v 522 81.266824
v 523 83.409193
v 524 80.868595
v 525 6.001907
v 526 62.528023
v 527 74.062551
v 528 83.860429
v 529 72.779901
v 530 77.479031
v 531 78.044082
v 532 77.225547
v 533 76.706458
v 534 77.243580
v 535 77.009255
v 536 76.661921
v 537 77.154647
v 538 76.940912
v 539 77.384127
v 540 77.025252
v 541 77.490458
v 542 76.739880
v 543 77.599132
v 544 77.343042
v 545 77.354933
v 546 76.923173
v 547 77.113586
v 548 77.161782
v 549 77.281106
v 550 76.894576
v 551 77.054713
v 552 0.761307
v 553 78.564634
v 554 75.502153
v 555 0.000000
v 556 77.137276
v 557 1.194584
v 558 0.000000
v 559 0.000000
v 560 79.750434
v 561 81.679473
v 562 0.000000
v 563 77.631003
v 564 0.046026
v 565 79.055457
v 566 39.118858
v 567 40.260317
v 568 66.013596
v 569 66.962967
v 570 82.342966
v 571 0.000000
v 572 0.000000
v 573 2.316568
v 574 80.444508
v 575 82.482100
v 576 69.298223
v 577 81.213888
v 578 0.000000
v 579 84.312617
v 580 63.551320
v 581 79.301245
v 582 82.146164
v 583 83.682998
v 584 0.288576
v 585 81.083706
v 586 81.748214
v 587 82.401459
v 588 75.678231
v 589 79.424602
v 590 81.658855
v 591 0.125180
v 592 68.214665
v 593 82.941012
v 594 0.301646
v 595 76.538972
v 596 76.152199
v 597 77.247083
v 598 76.328903
v 599 76.807812
