120 150 148

1 16 1693 0 72 7.2 288
2 15 1107 0 168 1 40
3 15 605 0 24 7.2 216
4 15 478 0 24 1 30
5 15 604 0 24 1 30
6 15 1442 0 24 1 40
7 15 462 0 24 1 30
8 15 471 0 24 1 40
9 15 1367 0 24 12.8 256
10 15 493 0 24 7.2 288
11 15 604 0 24 7.2 216
12 15 1444 0 24 1 40
13 15 1441 0 24 1 40
14 15 605 0 24 1 30
15 15 1443 0 24 1 40
16 15 508 0 24 7.2 216
17 15 1472 0 528 7.2 288
18 15 1474 0 528 7.2 288
19 15 1473 0 528 7.2 288
20 15 623 0 528 7.2 216
21 15 624 0 528 7.2 216
22 15 1471 0 528 7.2 288
23 15 1367 0 528 12.8 256
24 15 1476 0 528 7.2 288
25 15 1477 0 528 7.2 288
26 15 1478 0 528 7.2 288
27 15 1479 0 528 7.2 288
28 15 1480 0 528 7.2 288
29 15 1475 0 528 7.2 288
30 15 1470 0 528 7.2 288
31 15 377 0 24 1 30
32 15 490 0 24 1 30
33 15 1367 0 24 8 160
34 15 491 0 24 1 30
35 15 378 0 24 1 30
36 15 315 0 24 1 30
37 15 379 0 24 1 30
38 15 1164 0 24 7.2 288
39 15 316 0 24 1 30
40 15 1165 0 24 7.2 288
41 15 492 0 24 1 30
42 15 1592 0 24 7.2 288
43 15 1593 0 24 7.2 288
44 15 1547 0 24 1 30
45 15 1367 0 24 4.6 92
46 15 1545 0 24 1 30
47 15 1546 0 24 1 30
48 15 1544 0 24 1 30
49 15 1367 0 432 4.6 92
50 8 1164 0 168 7.2 288
51 8 1417 0 168 7.2 288
52 4 1813 0 72 7.2 72
53 4 1814 0 72 7.2 72
54 4 1815 0 72 7.2 72
55 4 1816 0 72 7.2 72
56 4 1818 0 72 7.2 72
57 4 1819 0 72 7.2 72
58 4 1820 0 72 7.2 72
59 4 1817 0 72 7.2 72
60 9 44 0 168 3 60
61 9 87 0 168 7.2 144
62 15 645 0 72 7.2 216
63 15 622 0 168 1.3 39
64 15 622 0 168 0.3 9
65 11 716 0 120 7 210
66 11 722 0 264 7 210
67 11 630 0 312 8.5 255
68 10 1634 0 264 12.8 384
69 10 1636 0 264 12.8 384
70 6 1714 0 432 14.5 145
71 6 1714 0 432 14.5 145
72 12 471 0 72 12.8 512
73 11 648 0 120 12.8 384
74 11 648 0 120 12.8 384
75 11 780 0 264 6.4 192
76 11 780 0 264 12.8 384
77 14 1190 0 648 4.5 135
78 14 1190 0 648 4.5 135
79 4 1775 0 72 7.2 216
80 4 1787 0 72 7.2 216
81 4 1789 0 72 7.2 216
82 4 1790 0 72 7.2 216
83 4 1783 0 72 7.2 144
84 5 102 0 216 1.5 30
85 5 102 0 216 1.5 30
86 6 1367 0 360 2 40
87 6 1367 0 360 2 40
88 19 1272 0 72 6.4 64
89 20 634 0 24 6.4 64
90 21 670 0 24 6.4 64
91 18 239 0 24 6.4 64
92 17 613 0 48 6.4 64
93 6 1367 0 360 8 160
94 6 1367 0 360 8 160
95 6 1367 0 360 8 160
96 3 1853 0 288 7.2 216
97 1 1772 0 144 0.8 24
98 15 469 0 72 2 60
99 15 485 0 72 2 60
100 15 370 0 72 2 40
101 15 486 0 24 1 40
102 15 494 0 24 1 30
103 15 495 0 24 2 80
104 7 517 0 648 7.2 216
105 7 518 0 648 7.2 216
106 7 519 0 648 7.2 216
107 7 338 0 648 7.2 216
108 22 1367 0 72 6.4 128
109 11 664 0 168 7.2 288
110 11 1312 0 168 7.2 288
111 11 1313 0 168 7.2 288
112 11 991 0 168 7.2 144
113 11 992 0 168 7.2 144
114 11 991 0 168 7.2 144
115 11 992 0 168 7.2 144
116 11 788 0 168 7.2 144
117 11 797 0 168 7.2 144
118 11 881 0 168 7.2 144
119 11 790 0 168 7.2 144
120 11 665 0 168 7.2 216
121 11 666 0 168 7.2 216
122 11 667 0 168 7.2 216
123 11 668 0 168 7.2 216
124 13 1514 0 72 7.2 288
125 10 655 0 168 7.2 216
126 13 889 0 168 7.2 216
127 13 890 0 168 7.2 216
128 13 891 0 168 7.2 216
129 13 1490 0 288 7.2 216
130 15 1514 0 0 7.2 288
131 15 1515 0 0 7.2 288
132 15 1516 0 0 7.2 288
133 15 1517 0 0 7.2 288
134 15 1518 0 0 7.2 288
135 15 1519 0 0 7.2 288
136 14 1231 0 432 6.4 192
137 14 1231 0 432 6.4 192
138 15 1606 0 24 0.6 18
139 15 1607 0 24 0.6 18
140 15 462 0 24 1 30
141 8 1704 0 216 7.2 144
142 8 1704 0 216 7.2 144
143 8 1704 0 216 7.2 144
144 8 1704 0 216 7.2 144
145 8 1704 0 216 7.2 144
146 2 1873 0 48 7.2 72
147 13 949 0 72 7.2 72
148 23 531 0 72 7.2 72
149 7 1165 0 168 7.2 288
150 8 1412 24 192 7.2 288

1 1 1 648
2 2 2 648
3 2 2 648
4 3 1 648
5 3 1 648
6 4 1 648
7 4 1 648
8 4 1 648
9 4 1 648
10 4 1 648
11 4 1 648
12 4 1 648
13 4 1 648
14 4 1 648
15 4 1 648
16 4 1 648
17 4 1 648
18 4 1 648
19 4 1 648
20 4 1 648
21 5 1 648
22 6 1 648
23 6 1 648
24 6 1 648
25 6 1 648
26 6 1 648
27 6 1 648
28 6 1 648
29 6 1 648
30 6 1 648
31 7 1 648
32 7 1 648
33 7 1 648
34 7 1 648
35 7 1 648
36 7 1 648
37 8 2 648
38 8 2 648
39 8 2 648
40 8 2 648
41 8 2 648
42 8 2 648
43 8 2 648
44 8 2 648
45 8 2 648
46 9 1 648
47 9 1 648
48 10 2 648
49 10 2 648
50 10 2 648
51 10 2 648
52 10 2 648
53 10 2 648
54 11 2 648
55 11 2 648
56 11 2 648
57 11 2 648
58 11 2 648
59 11 2 648
60 11 2 648
61 11 2 648
62 11 2 648
63 11 2 648
64 11 2 648
65 11 2 648
66 11 2 648
67 11 2 648
68 11 2 648
69 11 2 648
70 11 2 648
71 11 2 648
72 11 2 648
73 11 2 648
74 11 2 648
75 11 2 648
76 11 2 648
77 11 2 648
78 11 2 648
79 11 2 648
80 11 2 648
81 11 2 648
82 12 2 648
83 12 2 648
84 13 1 648
85 13 1 648
86 13 1 648
87 13 1 648
88 13 1 648
89 13 1 648
90 13 1 648
91 14 2 648
92 14 2 648
93 14 2 648
94 14 2 648
95 15 1 648
96 15 1 648
97 15 1 648
98 15 1 648
99 15 1 648
100 15 1 648
101 15 1 648
102 15 1 648
103 15 1 648
104 15 1 648
105 15 1 648
106 15 1 648
107 15 1 648
108 15 1 648
109 15 1 648
110 15 1 648
111 15 1 648
112 15 1 648
113 15 1 648
114 15 1 648
115 15 1 648
116 15 1 648
117 15 1 648
118 15 1 648
119 15 1 648
120 15 1 648
121 15 1 648
122 15 1 648
123 15 1 648
124 15 1 648
125 15 1 648
126 15 1 648
127 15 1 648
128 15 1 648
129 15 1 648
130 15 1 648
131 15 1 648
132 15 1 648
133 15 1 648
134 15 1 648
135 15 1 648
136 15 1 648
137 15 1 648
138 15 1 648
139 16 2 648
140 16 2 648
141 17 2 648
142 18 2 648
143 19 2 648
144 20 1 648
145 21 1 648
146 22 2 648
147 23 1 648
148 23 1 648
