126 150 57
# Job row format: id skill mach E L P omega | 30 rho draws | rho average
# rho ~ Triangular(0.3, 0.5, 0.7) [low, mode, high] | seed = 42 per instance, stream consumed in job row order | S = 30 draws per job
# The final column of each job row is that job's average of its 30 draws.
1 1 308 0 48 2.4 72 0.530159 0.344731 0.448332 0.433630 0.554803 0.539177 0.607126 0.383397 0.483722 0.348824 0.432254 0.501074 0.346075 0.426123 0.532640 0.509200 0.432798 0.518730 0.576527 0.322801 0.575363 0.544601 0.464985 0.411527 0.641494 0.464096 0.386137 0.387962 0.589544 0.521950 0.475326
2 1 300 0 48 2.4 72 0.575784 0.552958 0.507382 0.653624 0.474019 0.510694 0.583177 0.525305 0.594817 0.516120 0.546266 0.360547 0.435025 0.452155 0.379896 0.436467 0.389889 0.449124 0.529280 0.470841 0.472089 0.429463 0.446145 0.628813 0.532199 0.523168 0.417009 0.552793 0.414334 0.474231 0.494454
3 2 12 0 168 3.5 105 0.671049 0.530294 0.511734 0.541158 0.587876 0.566134 0.435366 0.350676 0.458859 0.446353 0.429918 0.632419 0.600549 0.458664 0.533973 0.477906 0.617319 0.491594 0.445569 0.440464 0.512675 0.444980 0.517700 0.609589 0.478751 0.432460 0.685965 0.501914 0.385280 0.361395 0.505286
4 2 16 0 168 3.5 105 0.393659 0.527361 0.571028 0.483774 0.371290 0.474727 0.682385 0.505910 0.651899 0.594465 0.330306 0.550527 0.540428 0.507536 0.446103 0.530521 0.394468 0.486497 0.490520 0.639216 0.600342 0.445159 0.500117 0.419550 0.616395 0.598223 0.454517 0.530047 0.523132 0.410576 0.509023
5 2 8 0 168 3.5 35 0.562163 0.508037 0.566922 0.506166 0.306764 0.461036 0.339473 0.624687 0.601500 0.583954 0.456847 0.368074 0.601211 0.634854 0.382778 0.497178 0.374411 0.561610 0.563131 0.401348 0.494994 0.510222 0.445618 0.598978 0.483987 0.430169 0.508020 0.553012 0.426855 0.457915 0.493730
6 2 11 0 168 3.5 140 0.680301 0.532639 0.487211 0.503547 0.398389 0.434074 0.464459 0.518519 0.435680 0.432731 0.375362 0.528210 0.435334 0.613015 0.594032 0.375290 0.437987 0.537268 0.430916 0.402883 0.628175 0.514753 0.494457 0.568735 0.575902 0.423421 0.388059 0.485699 0.484082 0.493292 0.489147
7 2 8 0 168 3.5 140 0.552779 0.538350 0.664408 0.388732 0.479471 0.464755 0.594804 0.441041 0.423356 0.489444 0.483713 0.449277 0.441367 0.621650 0.488283 0.594681 0.510332 0.363617 0.692424 0.585467 0.650197 0.623249 0.589980 0.415347 0.497107 0.430766 0.479118 0.368490 0.474120 0.665717 0.515401
8 2 9 0 168 3.5 140 0.445658 0.568568 0.490790 0.483958 0.641566 0.680864 0.511483 0.549909 0.411282 0.454067 0.649968 0.516518 0.508625 0.558007 0.367626 0.517611 0.500571 0.591453 0.412226 0.643985 0.380056 0.421926 0.520008 0.538808 0.437173 0.397933 0.606314 0.440347 0.519893 0.525502 0.509756
9 2 10 0 168 3.5 105 0.483134 0.517500 0.504610 0.627726 0.427831 0.549319 0.438184 0.477941 0.537936 0.454919 0.459041 0.559107 0.376180 0.491475 0.688880 0.682328 0.376556 0.430585 0.445657 0.626930 0.602374 0.601723 0.471937 0.412338 0.584673 0.545997 0.523745 0.668041 0.533621 0.325017 0.514177
10 2 11 0 168 3.5 140 0.579039 0.454759 0.535900 0.630103 0.403650 0.396095 0.392536 0.510944 0.447607 0.522198 0.549697 0.427624 0.528942 0.445323 0.497693 0.612977 0.589042 0.385929 0.484082 0.448776 0.316842 0.564684 0.529615 0.444763 0.556120 0.510618 0.484973 0.327813 0.377585 0.603297 0.485307
11 2 11 0 168 3.5 140 0.612332 0.509336 0.584968 0.517245 0.408846 0.400973 0.457037 0.610103 0.572289 0.594436 0.610078 0.429638 0.441288 0.390683 0.567370 0.603723 0.480306 0.525796 0.411195 0.625103 0.595925 0.656371 0.576962 0.602600 0.344530 0.554828 0.463018 0.625604 0.574218 0.595717 0.531417
12 2 15 0 168 3.5 105 0.576955 0.446097 0.569577 0.392993 0.598873 0.593640 0.433397 0.578868 0.491896 0.456254 0.572045 0.434936 0.343510 0.424300 0.462052 0.595828 0.648533 0.449432 0.530644 0.478814 0.661167 0.507379 0.630279 0.396059 0.651338 0.419522 0.645253 0.445730 0.393125 0.486454 0.510498
13 2 14 0 168 3.5 105 0.552635 0.458411 0.522508 0.502298 0.475544 0.515954 0.442751 0.547366 0.311632 0.622838 0.507844 0.550181 0.556320 0.537674 0.470698 0.374819 0.536107 0.462530 0.458472 0.589733 0.550268 0.455003 0.457298 0.480752 0.479421 0.453793 0.400911 0.483400 0.630928 0.539331 0.497581
14 2 17 0 168 3.5 140 0.611821 0.524618 0.455164 0.509829 0.305699 0.451503 0.485448 0.516694 0.533797 0.492871 0.488077 0.430752 0.494563 0.611087 0.572258 0.416513 0.382363 0.503115 0.528639 0.463753 0.579476 0.558901 0.538209 0.434057 0.426216 0.344204 0.439955 0.494964 0.590360 0.376330 0.485374
15 2 17 0 168 3.5 140 0.482086 0.527899 0.424719 0.544142 0.498872 0.439710 0.534122 0.321061 0.558852 0.564367 0.392342 0.484423 0.418621 0.642011 0.503624 0.363384 0.441194 0.589850 0.491094 0.573958 0.536924 0.668878 0.520101 0.636780 0.606802 0.523966 0.550140 0.500958 0.583576 0.509815 0.514476
16 2 18 0 168 3.5 105 0.609317 0.556795 0.494869 0.443998 0.440638 0.529744 0.563124 0.504306 0.527199 0.448215 0.378732 0.451189 0.447435 0.459927 0.508198 0.405214 0.436018 0.543526 0.546747 0.371682 0.480577 0.508712 0.482379 0.428634 0.483334 0.612748 0.517589 0.543929 0.592942 0.563060 0.496026
17 2 18 0 168 3.5 70 0.474443 0.321718 0.467752 0.559565 0.591722 0.638963 0.483089 0.557878 0.509450 0.521843 0.432827 0.432490 0.486727 0.348187 0.463983 0.539786 0.479848 0.414907 0.493368 0.401046 0.526163 0.346447 0.477543 0.513322 0.346564 0.530944 0.404192 0.492187 0.363425 0.474150 0.469818
18 2 19 0 168 3.5 105 0.430126 0.461702 0.561791 0.474155 0.559148 0.584043 0.442062 0.380948 0.339378 0.508046 0.697285 0.467323 0.532702 0.567707 0.533088 0.559781 0.636509 0.426289 0.340378 0.410411 0.400487 0.537386 0.513232 0.432050 0.544943 0.563442 0.415858 0.522743 0.557993 0.395722 0.493224
19 2 13 0 168 3.5 105 0.579767 0.646874 0.392994 0.345324 0.457977 0.539338 0.642154 0.478136 0.549007 0.377973 0.542676 0.527314 0.390289 0.565087 0.590563 0.521207 0.398409 0.664049 0.568132 0.466662 0.485122 0.472179 0.501196 0.465223 0.590301 0.580780 0.391886 0.643991 0.529257 0.582938 0.516227
20 8 241 0 144 13 260 0.546979 0.486652 0.554067 0.647444 0.446992 0.576129 0.507786 0.496672 0.486671 0.553310 0.446532 0.591083 0.583632 0.383265 0.602689 0.439675 0.492813 0.523440 0.474124 0.347917 0.590804 0.420612 0.430267 0.572825 0.465006 0.602151 0.545387 0.448666 0.328497 0.635541 0.507588
21 6 176 0 72 13 390 0.382759 0.550354 0.497702 0.560907 0.542675 0.531691 0.498156 0.571293 0.386280 0.433145 0.542974 0.456514 0.517037 0.494579 0.506283 0.484500 0.557434 0.462675 0.545820 0.447219 0.441818 0.398247 0.424124 0.397798 0.507306 0.562069 0.421705 0.431570 0.496814 0.551564 0.486767
22 6 194 0 72 13 390 0.656740 0.504990 0.450466 0.389678 0.424617 0.434902 0.419814 0.333643 0.506948 0.448138 0.654652 0.510973 0.544415 0.400510 0.597418 0.498167 0.599092 0.515406 0.493783 0.487717 0.421446 0.364110 0.631335 0.495495 0.580707 0.479044 0.376984 0.527825 0.365488 0.409251 0.484125
23 6 286 0 72 13 390 0.512990 0.455907 0.677942 0.397345 0.562725 0.522533 0.570614 0.434369 0.504567 0.489845 0.488196 0.594233 0.671760 0.456302 0.525880 0.523281 0.555803 0.635248 0.428930 0.429931 0.535180 0.412092 0.417920 0.377493 0.314631 0.489843 0.519736 0.452646 0.436081 0.546887 0.498030
24 6 287 0 72 13 520 0.545854 0.490585 0.541857 0.621980 0.569717 0.526808 0.535363 0.627154 0.484421 0.509120 0.532104 0.614402 0.582231 0.375583 0.415212 0.456872 0.558284 0.514357 0.451950 0.399741 0.542184 0.545012 0.632281 0.500094 0.498755 0.380221 0.356470 0.485909 0.460579 0.441525 0.506554
25 6 291 0 72 13 390 0.385476 0.644799 0.585443 0.515652 0.637254 0.694151 0.538082 0.446836 0.356732 0.560363 0.494010 0.533029 0.618060 0.420495 0.517864 0.529070 0.498338 0.385436 0.466844 0.463293 0.537552 0.593317 0.462432 0.543456 0.451847 0.633784 0.577874 0.510284 0.490751 0.458623 0.518372
26 6 285 0 72 13 390 0.460816 0.651161 0.479817 0.502941 0.669170 0.534509 0.508708 0.481824 0.422501 0.470125 0.560413 0.526889 0.561433 0.427611 0.510099 0.623933 0.487215 0.544629 0.398560 0.653651 0.523109 0.438361 0.412562 0.510440 0.510739 0.386352 0.675112 0.616540 0.492135 0.396940 0.514610
27 6 175 0 72 13 390 0.584118 0.499675 0.549429 0.501782 0.447899 0.585013 0.660245 0.439637 0.510530 0.475177 0.620940 0.501655 0.601746 0.595703 0.448660 0.570387 0.482196 0.627473 0.501554 0.580183 0.450423 0.454546 0.518217 0.690629 0.497917 0.409030 0.507871 0.466162 0.510668 0.508883 0.526612
28 6 166 0 72 13 390 0.490860 0.460444 0.422850 0.544436 0.514916 0.436693 0.565998 0.359091 0.557089 0.546436 0.577170 0.475745 0.535973 0.580249 0.660827 0.499064 0.354420 0.500459 0.518932 0.597902 0.599677 0.487682 0.505259 0.491192 0.550988 0.481103 0.533815 0.411126 0.493802 0.650364 0.513485
29 6 183 0 72 13 390 0.464575 0.543208 0.532629 0.591102 0.591314 0.593922 0.474358 0.459163 0.549991 0.561263 0.598959 0.353590 0.373984 0.528224 0.620466 0.685650 0.557667 0.486327 0.388744 0.528827 0.599036 0.488399 0.543539 0.612102 0.360657 0.572295 0.453197 0.473168 0.407915 0.506334 0.516687
30 6 168 0 72 13 390 0.513652 0.571165 0.416613 0.379483 0.598349 0.525578 0.438803 0.616491 0.407002 0.492073 0.442542 0.442920 0.327419 0.574983 0.611100 0.539404 0.412419 0.487985 0.466269 0.518357 0.530044 0.484241 0.441449 0.588754 0.426243 0.475429 0.496613 0.437755 0.514943 0.515568 0.489788
31 6 170 0 72 13 390 0.675821 0.453683 0.657995 0.534647 0.448184 0.513652 0.541457 0.557079 0.362638 0.522553 0.499344 0.612435 0.451313 0.573149 0.522701 0.467886 0.529499 0.525849 0.539442 0.550582 0.534877 0.586277 0.527547 0.612093 0.531796 0.457209 0.487792 0.516604 0.553674 0.384916 0.524423
32 6 171 0 72 13 390 0.453652 0.557868 0.418538 0.402824 0.508043 0.652242 0.506269 0.616807 0.583543 0.443379 0.581574 0.496336 0.575578 0.557609 0.464612 0.395987 0.645516 0.406116 0.648231 0.594223 0.551465 0.659942 0.648829 0.574968 0.471061 0.570596 0.333369 0.507453 0.490743 0.538217 0.528520
33 6 172 0 72 13 390 0.538097 0.517695 0.580808 0.630887 0.393100 0.436769 0.344743 0.603765 0.512684 0.617662 0.433077 0.371115 0.581292 0.614859 0.455484 0.480731 0.405746 0.634433 0.456042 0.498519 0.388178 0.605030 0.404178 0.490503 0.537639 0.556652 0.634258 0.483112 0.556409 0.411184 0.505822
34 6 173 0 72 13 390 0.482183 0.389004 0.497858 0.480691 0.637724 0.351160 0.472170 0.488337 0.637107 0.592464 0.389154 0.541426 0.509100 0.657898 0.469393 0.478469 0.423226 0.398857 0.589740 0.490729 0.535749 0.530697 0.520478 0.341335 0.569400 0.439591 0.400369 0.513362 0.374087 0.562933 0.492156
35 6 174 0 72 13 390 0.428735 0.431439 0.597900 0.462126 0.408648 0.610795 0.315061 0.593569 0.407587 0.401977 0.441606 0.418151 0.535332 0.345414 0.334479 0.570380 0.437966 0.460940 0.418066 0.364745 0.556255 0.505287 0.557358 0.495191 0.566738 0.502665 0.393404 0.500769 0.633919 0.358900 0.468514
36 6 169 0 72 13 390 0.568312 0.596842 0.504337 0.491425 0.646354 0.369757 0.495751 0.479247 0.541532 0.498044 0.615006 0.376676 0.380394 0.522980 0.372488 0.448328 0.528670 0.509917 0.461291 0.679269 0.506208 0.490518 0.522332 0.389075 0.545541 0.591480 0.532887 0.564048 0.550558 0.431156 0.507014
37 6 290 0 72 13 390 0.490064 0.435202 0.464665 0.490473 0.482426 0.387217 0.484773 0.536319 0.473044 0.410504 0.621507 0.373285 0.583990 0.386362 0.387893 0.555444 0.577287 0.511611 0.518113 0.512722 0.462394 0.398886 0.468190 0.536376 0.558659 0.597274 0.550617 0.649720 0.521206 0.467725 0.496465
38 6 179 0 72 13 390 0.516243 0.430457 0.534286 0.433939 0.393046 0.588779 0.471479 0.562190 0.515414 0.575813 0.588700 0.654875 0.579477 0.524176 0.530932 0.345829 0.624679 0.583196 0.446273 0.420139 0.545779 0.457222 0.464882 0.322101 0.597966 0.513736 0.479061 0.406536 0.528693 0.349523 0.499514
39 6 265 0 72 13 130 0.557483 0.431189 0.483266 0.465141 0.472059 0.550761 0.566384 0.514009 0.382441 0.364875 0.412218 0.525149 0.538499 0.447541 0.535547 0.497111 0.488052 0.447829 0.559984 0.395422 0.485454 0.450531 0.539622 0.497308 0.536815 0.360278 0.477823 0.520964 0.324799 0.455285 0.476128
40 6 185 0 72 13 390 0.429995 0.404780 0.442974 0.462018 0.324867 0.557737 0.418556 0.474404 0.546032 0.500052 0.584537 0.575485 0.375934 0.594839 0.358174 0.338721 0.620583 0.594970 0.515774 0.515262 0.547553 0.482799 0.395989 0.340848 0.461188 0.573928 0.525214 0.584078 0.619885 0.383967 0.485038
41 6 184 0 72 13 390 0.588460 0.439518 0.518643 0.504851 0.477936 0.457550 0.464806 0.463234 0.415977 0.502108 0.395510 0.502000 0.613246 0.467183 0.552319 0.579650 0.578357 0.437483 0.408238 0.425625 0.521652 0.561498 0.533990 0.419045 0.565196 0.498820 0.559842 0.561400 0.489506 0.622105 0.504192
42 6 188 0 72 13 390 0.513343 0.529190 0.526685 0.595787 0.527308 0.409894 0.373911 0.488087 0.455646 0.448236 0.367036 0.501473 0.457584 0.490140 0.367463 0.583964 0.378348 0.595789 0.592406 0.524503 0.501419 0.492398 0.511176 0.570947 0.608732 0.489681 0.576652 0.533108 0.460381 0.495065 0.498878
43 6 186 0 72 13 390 0.409858 0.370355 0.390995 0.610168 0.465756 0.548822 0.500912 0.417493 0.440782 0.487138 0.487493 0.504603 0.412693 0.472708 0.450438 0.480836 0.464528 0.520642 0.570147 0.532025 0.372615 0.386951 0.539595 0.450771 0.551335 0.534245 0.613440 0.599314 0.463306 0.517296 0.485575
44 6 167 0 72 13 390 0.406369 0.467289 0.649164 0.544689 0.477078 0.520009 0.629574 0.457374 0.473592 0.570899 0.577749 0.537548 0.583024 0.555439 0.541359 0.505350 0.531720 0.484045 0.470136 0.470317 0.420088 0.430902 0.635297 0.497235 0.434623 0.404906 0.378570 0.588440 0.389951 0.564612 0.506578
45 6 181 0 72 13 390 0.585150 0.603535 0.354953 0.464138 0.563269 0.402391 0.473602 0.413929 0.583843 0.564678 0.576402 0.415079 0.487120 0.481297 0.539093 0.437849 0.488510 0.450978 0.558165 0.489511 0.506922 0.457345 0.576266 0.493704 0.585148 0.471544 0.634965 0.664718 0.492183 0.450139 0.508881
46 6 180 0 72 13 390 0.474785 0.505570 0.648052 0.578968 0.573908 0.405223 0.441422 0.530573 0.599647 0.511223 0.390593 0.588966 0.590882 0.451013 0.562339 0.447727 0.612963 0.408572 0.487077 0.634525 0.433278 0.489974 0.467233 0.346191 0.365273 0.500402 0.437340 0.679072 0.473185 0.347487 0.499449
47 6 189 0 72 13 390 0.625610 0.586572 0.532659 0.570812 0.404919 0.451494 0.583299 0.544070 0.405373 0.546517 0.489442 0.320496 0.379612 0.443087 0.585096 0.510011 0.552280 0.505634 0.394313 0.451816 0.455216 0.361806 0.483265 0.571594 0.491230 0.394173 0.612889 0.520387 0.336261 0.503099 0.487101
48 6 187 0 72 13 390 0.439122 0.407173 0.485308 0.524457 0.438727 0.482552 0.536139 0.382759 0.654971 0.373582 0.505282 0.501471 0.669447 0.511141 0.476738 0.493935 0.529277 0.661053 0.442450 0.336047 0.569929 0.466085 0.553833 0.527549 0.564797 0.554449 0.463100 0.359555 0.509425 0.577855 0.499940
49 6 193 0 72 13 390 0.418352 0.567077 0.492795 0.543895 0.528358 0.577199 0.371050 0.566191 0.491349 0.453217 0.359199 0.426323 0.357901 0.626991 0.503101 0.670501 0.508800 0.442356 0.559513 0.423646 0.468991 0.567589 0.596385 0.462954 0.399790 0.471585 0.605973 0.556698 0.608190 0.475874 0.503395
50 6 191 0 72 13 390 0.654151 0.499239 0.499504 0.622185 0.503893 0.573872 0.552238 0.379462 0.521664 0.580783 0.509312 0.460303 0.380034 0.535299 0.456588 0.521702 0.484633 0.542460 0.467701 0.358210 0.598034 0.467943 0.687836 0.448204 0.660027 0.635443 0.377481 0.529709 0.470484 0.573856 0.518408
51 6 192 0 72 13 390 0.539853 0.638544 0.406875 0.522816 0.567731 0.352763 0.373339 0.566888 0.471191 0.475010 0.513934 0.522257 0.539766 0.636015 0.472514 0.562329 0.515375 0.505981 0.478445 0.532563 0.441311 0.395267 0.554583 0.499809 0.475952 0.512740 0.444714 0.444302 0.488949 0.682947 0.504492
52 6 177 0 72 13 390 0.451149 0.618258 0.498232 0.399050 0.591492 0.490167 0.609968 0.488703 0.383805 0.540483 0.588832 0.459897 0.466715 0.372077 0.508620 0.606761 0.590954 0.548160 0.623750 0.529753 0.571531 0.501759 0.398534 0.426801 0.405405 0.570500 0.345855 0.511113 0.471793 0.574672 0.504826
53 6 288 0 72 13 520 0.510611 0.523807 0.383050 0.457300 0.694308 0.550032 0.505207 0.564107 0.581118 0.376812 0.652993 0.530846 0.489731 0.540027 0.466016 0.601191 0.567414 0.530246 0.420653 0.648050 0.486036 0.615484 0.366581 0.399664 0.410640 0.414772 0.460664 0.547509 0.466379 0.631242 0.513083
54 6 190 0 72 13 390 0.608316 0.588981 0.441592 0.529133 0.510441 0.400068 0.455647 0.506812 0.500515 0.416150 0.631652 0.411065 0.534769 0.550503 0.522267 0.587761 0.513156 0.581758 0.347643 0.360307 0.530637 0.515994 0.532938 0.563460 0.482557 0.530057 0.499607 0.527295 0.452229 0.641110 0.509147
55 6 212 0 72 13 390 0.496559 0.575000 0.541253 0.454255 0.376406 0.369232 0.487533 0.496825 0.427757 0.522610 0.458135 0.549897 0.554178 0.594464 0.655615 0.402280 0.472172 0.512736 0.459779 0.493178 0.446280 0.440831 0.388005 0.452371 0.475305 0.524587 0.440931 0.596195 0.413031 0.461848 0.484642
56 6 195 0 72 13 260 0.516193 0.458168 0.562340 0.499653 0.502967 0.499752 0.457109 0.343059 0.633808 0.501092 0.648376 0.431193 0.468023 0.363586 0.498976 0.602980 0.533689 0.494028 0.507478 0.589428 0.485672 0.603028 0.552354 0.562554 0.471099 0.479015 0.514588 0.424790 0.510944 0.376698 0.503088
57 6 197 0 72 13 390 0.500853 0.562713 0.449592 0.670458 0.540100 0.397493 0.655353 0.477517 0.571905 0.464702 0.630114 0.559990 0.426193 0.501833 0.500016 0.360202 0.404704 0.463228 0.494678 0.491204 0.522520 0.503126 0.461979 0.524061 0.414018 0.672600 0.555589 0.454722 0.464042 0.582796 0.509277
58 6 196 0 72 13 260 0.506576 0.547354 0.454865 0.578591 0.471664 0.538459 0.659898 0.517507 0.572487 0.551763 0.542024 0.346171 0.494852 0.648674 0.568214 0.566183 0.516181 0.550708 0.517467 0.416795 0.527727 0.525583 0.587276 0.408729 0.540182 0.350256 0.635629 0.393764 0.338923 0.458415 0.511097
59 6 198 0 72 13 390 0.410066 0.542647 0.481191 0.565828 0.620261 0.599131 0.554628 0.370587 0.405103 0.428792 0.461257 0.535617 0.505162 0.458430 0.417706 0.616155 0.465488 0.468354 0.564941 0.550581 0.531076 0.543364 0.523382 0.424021 0.440433 0.511976 0.434124 0.653447 0.454302 0.452054 0.499670
60 6 231 0 72 13 390 0.428772 0.546374 0.459258 0.467046 0.627172 0.572064 0.447907 0.398742 0.539158 0.474286 0.660161 0.579460 0.639740 0.574977 0.452434 0.451692 0.548776 0.466460 0.488123 0.443232 0.495771 0.427143 0.507870 0.626801 0.544095 0.404794 0.524655 0.518194 0.439272 0.537478 0.509730
61 6 208 0 72 13 390 0.506308 0.529811 0.364802 0.481835 0.549629 0.389686 0.564579 0.320360 0.510338 0.624687 0.480423 0.627907 0.601369 0.495438 0.426319 0.646270 0.460292 0.531690 0.614180 0.384598 0.515421 0.507159 0.551169 0.628821 0.616684 0.418343 0.602941 0.418588 0.619818 0.684958 0.522481
62 6 209 0 72 13 390 0.478212 0.499075 0.628787 0.644959 0.623079 0.600700 0.327228 0.514089 0.392650 0.663115 0.450881 0.670470 0.508856 0.498779 0.629892 0.590843 0.493498 0.424197 0.394930 0.414016 0.491607 0.443461 0.422049 0.554843 0.570622 0.514050 0.560654 0.418489 0.592723 0.609244 0.520867
63 6 211 0 72 13 390 0.582353 0.503080 0.383301 0.537336 0.421583 0.406061 0.460898 0.440868 0.444440 0.437265 0.559645 0.639360 0.455421 0.551106 0.330247 0.533551 0.543225 0.370498 0.397252 0.456667 0.480093 0.500505 0.608400 0.546002 0.457728 0.396919 0.618088 0.453633 0.524415 0.432402 0.482411
64 6 215 0 72 13 390 0.403371 0.410702 0.557939 0.522402 0.482394 0.510102 0.494078 0.507650 0.536072 0.432185 0.440703 0.559926 0.599257 0.380930 0.489050 0.546056 0.379046 0.513274 0.370290 0.509768 0.501100 0.515111 0.409491 0.462017 0.504111 0.396432 0.428188 0.517385 0.385296 0.502086 0.475547
65 6 213 0 72 13 390 0.576288 0.490459 0.502667 0.491165 0.367963 0.492329 0.575715 0.551213 0.477977 0.578824 0.557397 0.516329 0.360193 0.466019 0.371420 0.678318 0.627658 0.374307 0.627213 0.350386 0.480857 0.564051 0.563129 0.658367 0.531686 0.483382 0.676095 0.474924 0.597871 0.613637 0.522595
66 6 214 0 72 13 390 0.473354 0.540684 0.535511 0.508021 0.533515 0.466798 0.419490 0.507596 0.505854 0.552449 0.433474 0.316669 0.342648 0.454496 0.538383 0.509096 0.506492 0.581125 0.440716 0.466411 0.448499 0.629239 0.551682 0.395014 0.576543 0.483137 0.563195 0.603566 0.335379 0.428400 0.488248
67 6 216 0 72 13 390 0.389843 0.351828 0.520620 0.545932 0.362403 0.555928 0.479391 0.436920 0.431839 0.595589 0.367198 0.500781 0.452122 0.578604 0.553444 0.459726 0.520650 0.538144 0.460166 0.455374 0.407055 0.535127 0.432979 0.455049 0.369833 0.635825 0.601904 0.615894 0.527024 0.484868 0.487402
68 6 230 0 72 13 390 0.499122 0.652917 0.631640 0.537850 0.569097 0.459683 0.482499 0.409258 0.473542 0.559833 0.494632 0.590215 0.455109 0.547049 0.575349 0.617412 0.512893 0.649235 0.511806 0.403573 0.439387 0.427542 0.531882 0.621121 0.589414 0.386007 0.551564 0.423444 0.446550 0.538426 0.519602
69 6 207 0 72 13 390 0.521769 0.599450 0.422691 0.561927 0.551489 0.512138 0.495835 0.597813 0.463209 0.641362 0.335024 0.629097 0.644920 0.396878 0.694149 0.495739 0.439311 0.522101 0.427910 0.617599 0.510702 0.565989 0.474508 0.506847 0.469531 0.444655 0.502580 0.499455 0.388818 0.661341 0.519828
70 6 277 0 72 13 520 0.493802 0.586768 0.617214 0.472210 0.481974 0.512922 0.433049 0.408045 0.444437 0.627755 0.516510 0.482774 0.410422 0.462448 0.474319 0.584540 0.499860 0.533773 0.541216 0.443479 0.580532 0.648238 0.530694 0.498110 0.416012 0.571930 0.416367 0.550418 0.497649 0.618464 0.511864
71 6 182 0 72 13 390 0.508613 0.530721 0.368546 0.352018 0.589256 0.633781 0.537081 0.562694 0.481635 0.587766 0.436069 0.546943 0.327043 0.501150 0.472789 0.525148 0.536722 0.524847 0.496612 0.497556 0.323000 0.510610 0.330791 0.505973 0.448254 0.657554 0.337033 0.577740 0.538515 0.575475 0.494065
72 6 210 0 72 13 390 0.615040 0.392527 0.387779 0.409141 0.423914 0.505363 0.578415 0.446239 0.478190 0.472755 0.480228 0.513453 0.672047 0.434419 0.541014 0.589679 0.533563 0.593499 0.561316 0.386487 0.474187 0.510834 0.367001 0.327496 0.417093 0.499972 0.486314 0.568661 0.513636 0.593402 0.492456
73 6 268 0 72 13 390 0.387344 0.505713 0.358345 0.430051 0.597284 0.605155 0.495039 0.361032 0.377122 0.622843 0.610250 0.513133 0.351304 0.624510 0.458615 0.644480 0.518239 0.559218 0.548398 0.478504 0.378454 0.414000 0.438700 0.584987 0.476444 0.609017 0.462906 0.560174 0.405811 0.669639 0.501557
74 6 217 0 72 13 390 0.551451 0.500159 0.654677 0.365542 0.486995 0.586395 0.465068 0.564060 0.639906 0.478147 0.565406 0.348683 0.447872 0.675646 0.498112 0.468715 0.631381 0.485870 0.539924 0.535239 0.382798 0.525327 0.572895 0.548503 0.381013 0.411075 0.548126 0.528863 0.555682 0.459167 0.513423
75 6 275 0 72 13 390 0.392326 0.320387 0.457039 0.469686 0.446906 0.402959 0.422439 0.489493 0.511265 0.480675 0.345836 0.468265 0.386285 0.520678 0.461104 0.475554 0.452800 0.476136 0.382316 0.611067 0.612917 0.658213 0.514951 0.416476 0.474524 0.405391 0.455211 0.498620 0.371143 0.486478 0.462238
76 6 263 0 72 13 390 0.483543 0.496821 0.378446 0.441901 0.440454 0.526803 0.519735 0.425075 0.392508 0.456117 0.636015 0.463026 0.525688 0.574805 0.462368 0.463643 0.578501 0.593984 0.654591 0.404355 0.460166 0.635056 0.426760 0.458539 0.646764 0.649980 0.452695 0.543784 0.498193 0.515800 0.506871
77 6 264 0 72 13 390 0.439262 0.473449 0.578837 0.477299 0.395452 0.513206 0.519385 0.509344 0.540429 0.510284 0.638684 0.492171 0.547256 0.487287 0.452665 0.543242 0.579656 0.572143 0.480918 0.499861 0.528731 0.439146 0.534752 0.549066 0.570101 0.376923 0.672725 0.495803 0.479065 0.501327 0.513282
78 6 234 0 72 13 390 0.620196 0.542954 0.508928 0.570608 0.469595 0.608568 0.507523 0.529866 0.382453 0.564045 0.534495 0.468525 0.531952 0.359529 0.663788 0.539369 0.478800 0.559339 0.647630 0.485571 0.329049 0.443872 0.502147 0.503796 0.516810 0.515660 0.488845 0.476892 0.565046 0.518581 0.514481
79 6 233 0 72 13 390 0.500093 0.466125 0.344328 0.391455 0.482423 0.644667 0.396362 0.631109 0.406461 0.457960 0.490858 0.428644 0.496556 0.495174 0.487225 0.544247 0.459727 0.454988 0.576772 0.395952 0.590156 0.532183 0.539286 0.414666 0.664112 0.439689 0.418137 0.413185 0.512351 0.642355 0.490575
80 6 274 0 72 13 520 0.436193 0.480011 0.421475 0.530407 0.485932 0.348326 0.524297 0.425642 0.519380 0.476371 0.546308 0.428307 0.559238 0.576300 0.370747 0.390223 0.598799 0.422298 0.461489 0.491322 0.444873 0.595171 0.505622 0.530084 0.520438 0.523661 0.518232 0.466835 0.588831 0.525040 0.490395
81 6 178 0 72 13 390 0.577931 0.546635 0.454258 0.524383 0.382342 0.403517 0.397103 0.456302 0.421011 0.543395 0.502177 0.482918 0.405021 0.475205 0.421903 0.529237 0.543394 0.531539 0.697165 0.511302 0.497918 0.405942 0.458639 0.489948 0.365490 0.469479 0.327689 0.404512 0.578416 0.646207 0.481699
82 6 283 0 72 13 390 0.501091 0.498991 0.541179 0.482347 0.586825 0.497727 0.381324 0.349688 0.561741 0.452863 0.448284 0.507669 0.416003 0.491274 0.556478 0.563155 0.510206 0.395168 0.395585 0.565870 0.581099 0.471315 0.580873 0.357696 0.550061 0.509496 0.671400 0.390517 0.583405 0.558960 0.498610
83 6 284 0 72 13 520 0.454327 0.692585 0.489680 0.466991 0.578914 0.487418 0.678014 0.566024 0.437680 0.576940 0.518434 0.467483 0.547883 0.528599 0.415233 0.405541 0.428567 0.428668 0.368910 0.467527 0.449956 0.507910 0.460911 0.546131 0.452140 0.446244 0.593423 0.665927 0.539825 0.387281 0.501839
84 6 289 0 72 13 520 0.645427 0.569062 0.619387 0.675483 0.596868 0.400752 0.596493 0.441330 0.548051 0.582861 0.561862 0.539061 0.497881 0.516136 0.446620 0.482038 0.490156 0.528799 0.602071 0.386299 0.503147 0.449191 0.628634 0.471830 0.636915 0.461812 0.314066 0.565578 0.553774 0.553284 0.528829
85 6 278 0 72 13 520 0.491510 0.536084 0.469286 0.371179 0.507008 0.432009 0.485395 0.430185 0.446571 0.582814 0.464379 0.516247 0.513697 0.497046 0.465829 0.540639 0.362231 0.389252 0.568513 0.491746 0.399694 0.593286 0.487891 0.307354 0.642056 0.427222 0.542163 0.402728 0.532667 0.412775 0.476982
86 6 281 0 72 13 390 0.626638 0.448059 0.533768 0.441531 0.472475 0.612273 0.415074 0.478066 0.456335 0.544936 0.436863 0.533984 0.546038 0.309322 0.495306 0.403034 0.434519 0.539996 0.327257 0.543948 0.579040 0.669217 0.483807 0.402830 0.375275 0.475059 0.553239 0.390522 0.458329 0.602425 0.486306
87 6 282 0 72 13 390 0.404739 0.565378 0.559475 0.403207 0.676235 0.406903 0.506198 0.326038 0.532673 0.487638 0.550985 0.527508 0.410045 0.481485 0.541650 0.594156 0.383277 0.389650 0.559272 0.518798 0.475279 0.645777 0.458620 0.405766 0.448854 0.382097 0.510981 0.521116 0.522821 0.567025 0.492121
88 6 276 0 72 13 390 0.542641 0.589688 0.534689 0.455345 0.503582 0.501914 0.557970 0.453764 0.366072 0.609629 0.639781 0.498975 0.394971 0.499916 0.519762 0.505740 0.657760 0.667606 0.627295 0.402755 0.594478 0.514179 0.470977 0.540737 0.562225 0.639636 0.564462 0.336540 0.373502 0.444827 0.519047
89 6 292 0 72 13 390 0.356446 0.369552 0.570166 0.501327 0.527622 0.500210 0.482303 0.545549 0.381205 0.507452 0.524740 0.448988 0.457457 0.502274 0.427498 0.576084 0.507416 0.476801 0.528955 0.584944 0.540264 0.372727 0.544739 0.553019 0.589173 0.368062 0.383048 0.486437 0.490446 0.523101 0.487600
90 6 267 0 72 13 390 0.457300 0.556248 0.555961 0.397752 0.547134 0.545468 0.414484 0.638692 0.504655 0.568239 0.550538 0.415573 0.400769 0.567674 0.446633 0.604675 0.564776 0.348461 0.575777 0.447507 0.371483 0.548296 0.515968 0.378521 0.490829 0.469735 0.499922 0.513857 0.471508 0.442861 0.493710
91 4 153 0 72 7.2 72 0.390733 0.515373 0.551078 0.435175 0.501773 0.359355 0.595283 0.439872 0.494271 0.475038 0.409575 0.625790 0.593224 0.510868 0.617029 0.555963 0.483165 0.460450 0.482484 0.550411 0.447311 0.378936 0.472698 0.500409 0.611430 0.419781 0.574888 0.661440 0.639389 0.374257 0.504248
92 3 226 0 72 7.2 72 0.492893 0.450282 0.588590 0.461815 0.510916 0.325249 0.426703 0.513197 0.455925 0.526269 0.492650 0.519266 0.498668 0.565126 0.425035 0.610756 0.561575 0.440036 0.322588 0.481116 0.436528 0.466475 0.586712 0.600883 0.637384 0.310815 0.534423 0.590093 0.552275 0.391192 0.492514
93 10 330 0 96 3.6 108 0.506055 0.438034 0.498399 0.369221 0.684403 0.548119 0.386268 0.620640 0.609352 0.503992 0.545299 0.472625 0.654882 0.382415 0.387442 0.403349 0.579988 0.377372 0.514058 0.486544 0.646497 0.437629 0.444497 0.458747 0.573767 0.545268 0.554495 0.459514 0.447501 0.377298 0.497122
94 6 229 0 72 2 60 0.427346 0.567316 0.517727 0.411503 0.414673 0.493092 0.480336 0.507319 0.646810 0.428883 0.457050 0.445604 0.397944 0.412291 0.541521 0.582148 0.544277 0.356801 0.585431 0.461937 0.385423 0.440917 0.468699 0.502710 0.539297 0.444268 0.672689 0.349865 0.479865 0.490200 0.481798
95 6 229 0 72 2 60 0.558036 0.441380 0.492259 0.574747 0.405752 0.330928 0.583509 0.662655 0.402261 0.581231 0.472566 0.528023 0.531402 0.517205 0.443895 0.577606 0.341761 0.371818 0.611681 0.488347 0.401505 0.612858 0.583160 0.462862 0.358444 0.492041 0.415927 0.515367 0.580563 0.477764 0.493918
96 6 226 0 72 1.6 16 0.348565 0.540805 0.417578 0.431062 0.422360 0.449627 0.603428 0.352649 0.525455 0.440224 0.453650 0.481547 0.510409 0.369845 0.449606 0.404780 0.426320 0.603939 0.505231 0.528129 0.574196 0.571889 0.670885 0.567914 0.469496 0.509111 0.496912 0.616419 0.500479 0.476268 0.490626
97 6 226 0 72 1.6 16 0.419939 0.459719 0.432369 0.608683 0.566895 0.368464 0.673971 0.505976 0.563425 0.694384 0.654375 0.389503 0.534317 0.446021 0.578768 0.618641 0.366878 0.683011 0.432487 0.589187 0.572686 0.468477 0.586588 0.588724 0.418693 0.519450 0.575488 0.544469 0.617045 0.347503 0.527538
98 7 266 0 72 3 30 0.545226 0.635229 0.513154 0.513047 0.422714 0.669024 0.602687 0.498439 0.457239 0.498078 0.384974 0.436418 0.432305 0.505362 0.307395 0.618955 0.426953 0.402172 0.549517 0.619393 0.588388 0.460895 0.341869 0.518145 0.618624 0.565647 0.589178 0.594423 0.643828 0.472879 0.514405
99 7 266 0 72 3 30 0.631837 0.477898 0.389903 0.455374 0.404480 0.412251 0.635933 0.570955 0.643902 0.532472 0.418052 0.649994 0.543427 0.624552 0.569460 0.433637 0.518661 0.418440 0.456671 0.542139 0.400935 0.552713 0.635993 0.635936 0.476997 0.678614 0.647224 0.350898 0.521649 0.620521 0.528384
100 3 159 0 72 4 40 0.649035 0.432935 0.513570 0.628831 0.406073 0.557268 0.437984 0.662455 0.415892 0.604217 0.384250 0.547413 0.530083 0.604775 0.489025 0.445661 0.441291 0.373645 0.443292 0.392966 0.310124 0.475713 0.553736 0.650282 0.603897 0.498612 0.474060 0.509427 0.390079 0.495855 0.497415
101 8 79 0 72 7.2 72 0.595712 0.532900 0.541800 0.414072 0.376790 0.588919 0.453599 0.459679 0.637815 0.377046 0.416655 0.473311 0.553572 0.509642 0.609722 0.386304 0.519785 0.524192 0.496517 0.349794 0.632143 0.414890 0.606087 0.412108 0.390003 0.428234 0.423283 0.544359 0.550879 0.553024 0.492428
102 5 79 0 72 7.2 72 0.445675 0.450073 0.437854 0.363015 0.514910 0.586811 0.410848 0.469901 0.484955 0.453506 0.535566 0.521163 0.426388 0.345375 0.416904 0.452790 0.380962 0.588203 0.457061 0.478318 0.497807 0.535328 0.385387 0.509029 0.421616 0.604289 0.471907 0.488844 0.445133 0.492885 0.469084
103 5 121 0 72 7.2 72 0.434534 0.446577 0.370222 0.559212 0.536897 0.382804 0.465841 0.508469 0.651590 0.518832 0.511024 0.587145 0.579470 0.483004 0.507234 0.596809 0.494900 0.602698 0.495195 0.379476 0.611808 0.548819 0.500421 0.610761 0.573651 0.539385 0.525707 0.398095 0.560627 0.417602 0.513294
104 8 79 0 72 7.2 72 0.664637 0.652811 0.576213 0.400473 0.484038 0.669380 0.486632 0.685220 0.527310 0.584799 0.443635 0.615527 0.617138 0.373219 0.476204 0.478293 0.461524 0.448647 0.491449 0.599388 0.569325 0.526347 0.504564 0.483214 0.482086 0.408885 0.518437 0.560968 0.630516 0.622503 0.534779
105 8 79 0 72 7.2 72 0.512956 0.389885 0.451286 0.507258 0.465860 0.481304 0.475053 0.497096 0.523130 0.354747 0.448436 0.407276 0.523061 0.543453 0.355701 0.606010 0.462848 0.437863 0.557382 0.620419 0.609239 0.340232 0.579132 0.455706 0.449759 0.498317 0.544098 0.388642 0.597589 0.403686 0.482914
106 8 79 0 72 7.2 72 0.654586 0.488279 0.581957 0.446811 0.482597 0.531609 0.422617 0.430043 0.581331 0.556040 0.561290 0.596923 0.580340 0.503078 0.412773 0.457765 0.501364 0.404173 0.590930 0.601748 0.348123 0.424182 0.584390 0.585799 0.441277 0.491091 0.619022 0.546282 0.448048 0.581175 0.515188
107 8 82 0 72 7.2 144 0.501028 0.529216 0.399548 0.349448 0.472619 0.519788 0.419192 0.598208 0.518205 0.467275 0.414373 0.608127 0.558285 0.542228 0.451015 0.475856 0.414160 0.515015 0.647023 0.593084 0.532043 0.539425 0.446720 0.480999 0.340052 0.567427 0.563640 0.326680 0.615865 0.532041 0.497953
108 9 90 0 72 7.2 144 0.521370 0.326021 0.442096 0.575127 0.456323 0.648638 0.530942 0.484132 0.473545 0.467023 0.441986 0.493225 0.539301 0.581446 0.478248 0.390471 0.502316 0.535648 0.588030 0.473027 0.532034 0.523150 0.454525 0.392997 0.371463 0.669486 0.530435 0.594735 0.444540 0.547972 0.500342
109 9 91 0 72 7.2 144 0.607209 0.454607 0.409519 0.563025 0.610417 0.575238 0.574259 0.521122 0.535204 0.540189 0.550677 0.533964 0.685771 0.444063 0.482990 0.476244 0.353156 0.547178 0.514969 0.423261 0.552095 0.433376 0.507051 0.568820 0.613525 0.537980 0.501468 0.588795 0.587089 0.600600 0.529795
110 9 92 0 72 7.2 144 0.420378 0.388364 0.401171 0.443848 0.576176 0.562281 0.421018 0.539928 0.463862 0.384522 0.468590 0.556950 0.456738 0.569797 0.462805 0.444377 0.453376 0.590900 0.494018 0.596615 0.517479 0.633247 0.375480 0.605947 0.500095 0.597043 0.474738 0.454494 0.365764 0.592015 0.493734
111 9 125 0 72 7.2 144 0.404829 0.426585 0.480929 0.514399 0.613569 0.491326 0.459093 0.549180 0.567016 0.497501 0.528194 0.418937 0.529003 0.319419 0.447926 0.561781 0.416140 0.562736 0.497904 0.562470 0.383924 0.524382 0.528766 0.479643 0.647333 0.475115 0.354937 0.426306 0.472766 0.333558 0.482522
112 9 126 0 72 7.2 144 0.460552 0.584494 0.423475 0.539189 0.527185 0.441088 0.543418 0.465976 0.401560 0.475169 0.518599 0.415592 0.581288 0.454454 0.452533 0.552442 0.520305 0.464398 0.605332 0.680968 0.465586 0.611178 0.469529 0.422777 0.635554 0.619108 0.479642 0.435179 0.552262 0.402452 0.506709
113 1 335 24 96 2.4 72 0.554144 0.518824 0.416270 0.471252 0.532797 0.354672 0.600620 0.443049 0.507072 0.362345 0.679370 0.535554 0.533523 0.339741 0.542456 0.482598 0.474414 0.509691 0.494812 0.410680 0.543844 0.528026 0.455207 0.535480 0.535679 0.446963 0.522379 0.404752 0.583605 0.391614 0.490381
114 10 329 24 120 3.6 108 0.550004 0.397050 0.395504 0.392201 0.426062 0.426412 0.445050 0.504684 0.427019 0.545971 0.453714 0.356147 0.499270 0.428901 0.626856 0.462629 0.314800 0.537922 0.613689 0.585190 0.537279 0.409232 0.384892 0.502355 0.551289 0.390018 0.443078 0.435988 0.669888 0.453889 0.472233
115 1 302 24 72 2.4 72 0.492723 0.389357 0.418221 0.356174 0.452464 0.574015 0.458166 0.555374 0.387177 0.560918 0.360590 0.591188 0.535892 0.416795 0.469122 0.487129 0.526059 0.601400 0.386233 0.578333 0.420953 0.479059 0.645089 0.447467 0.475662 0.590701 0.573477 0.532392 0.572535 0.395103 0.490992
116 10 302 24 120 3.6 108 0.544095 0.368496 0.632157 0.412923 0.482434 0.519058 0.574227 0.539599 0.420419 0.474299 0.469375 0.348014 0.541120 0.586347 0.653908 0.402237 0.620199 0.395053 0.481391 0.360645 0.444669 0.458553 0.546265 0.539483 0.563627 0.515967 0.513455 0.657948 0.537481 0.464512 0.502265
117 1 68 24 72 2.4 72 0.504675 0.545231 0.387289 0.535492 0.441018 0.466313 0.539077 0.475471 0.586522 0.512031 0.668748 0.366070 0.531097 0.412045 0.590035 0.591141 0.597791 0.377390 0.498323 0.438821 0.651129 0.363467 0.433479 0.531078 0.479617 0.437113 0.491644 0.573908 0.489335 0.592889 0.503608
118 2 93 24 96 1 10 0.489118 0.397450 0.499474 0.533476 0.390617 0.481623 0.511773 0.303685 0.385274 0.522057 0.525430 0.456102 0.501675 0.428639 0.537883 0.636979 0.470492 0.365894 0.433542 0.490675 0.512416 0.525589 0.494553 0.534390 0.549245 0.395508 0.561240 0.433191 0.465253 0.583341 0.480553
119 2 284 24 96 3 120 0.646659 0.452835 0.504446 0.545623 0.360517 0.414597 0.406000 0.549496 0.550751 0.392504 0.523558 0.422489 0.625283 0.477290 0.491216 0.567764 0.549478 0.392851 0.482092 0.623385 0.585971 0.518630 0.564987 0.489843 0.534702 0.640799 0.403783 0.499766 0.506168 0.362336 0.502861
120 2 294 24 96 3 30 0.628060 0.586445 0.496557 0.501674 0.620583 0.419064 0.516382 0.553165 0.401344 0.476047 0.521237 0.603127 0.500824 0.475422 0.659504 0.617981 0.562123 0.447945 0.646032 0.651413 0.490336 0.403294 0.481713 0.545084 0.558134 0.454638 0.545467 0.594438 0.548178 0.628174 0.537813
121 2 286 24 96 3 90 0.528555 0.426772 0.526603 0.452468 0.466203 0.538105 0.661359 0.532689 0.642260 0.500780 0.543619 0.460594 0.396085 0.467866 0.496035 0.514665 0.536821 0.482752 0.557977 0.587355 0.451242 0.589474 0.576163 0.504599 0.344964 0.407825 0.537582 0.426460 0.558631 0.413467 0.504332
122 2 288 24 96 3 120 0.451424 0.441580 0.586645 0.542671 0.453660 0.559599 0.350838 0.578025 0.390545 0.597252 0.555637 0.596016 0.556449 0.512654 0.437868 0.568640 0.573137 0.451694 0.536169 0.623311 0.476081 0.641146 0.656021 0.458153 0.510712 0.332206 0.441800 0.525773 0.567614 0.598066 0.519046
123 2 289 24 96 3 120 0.583375 0.615851 0.546281 0.532103 0.560031 0.509551 0.521874 0.566178 0.646551 0.453409 0.419139 0.540666 0.422303 0.417914 0.502789 0.473712 0.485150 0.511660 0.402006 0.517569 0.442833 0.462619 0.547603 0.411285 0.410889 0.460656 0.363784 0.626451 0.524639 0.535535 0.500480
124 2 281 24 96 3 90 0.498101 0.515106 0.469254 0.568556 0.459464 0.432654 0.421283 0.373852 0.501031 0.482413 0.507550 0.385765 0.433026 0.430646 0.462944 0.469894 0.432195 0.559332 0.506196 0.683583 0.581236 0.661150 0.326539 0.537258 0.488821 0.612591 0.524205 0.525904 0.642657 0.540639 0.501128
125 2 285 24 96 3 90 0.460234 0.617991 0.633660 0.475699 0.508216 0.450420 0.615779 0.580705 0.473195 0.574403 0.488798 0.359229 0.609792 0.424101 0.502799 0.635633 0.415722 0.640857 0.507745 0.324217 0.372372 0.537602 0.565414 0.596058 0.484219 0.391182 0.507699 0.545790 0.656387 0.565898 0.517394
126 2 282 24 96 3 90 0.531848 0.630574 0.557702 0.410907 0.491672 0.462903 0.383676 0.365890 0.571692 0.511975 0.515601 0.434951 0.443847 0.476189 0.528004 0.486124 0.336760 0.538333 0.507093 0.530630 0.525266 0.560275 0.517925 0.545309 0.376205 0.624131 0.392146 0.569430 0.455268 0.383189 0.488850
127 2 287 24 96 3 120 0.562967 0.487121 0.477789 0.535251 0.494728 0.506809 0.404453 0.476860 0.572716 0.509364 0.643526 0.407359 0.539324 0.617136 0.571943 0.552847 0.472773 0.636417 0.511008 0.511335 0.399292 0.320060 0.520368 0.507574 0.634872 0.456126 0.558098 0.612158 0.465856 0.481693 0.514927
128 2 116 24 96 3.3 99 0.531698 0.502526 0.413474 0.432902 0.585021 0.424684 0.420452 0.573401 0.591281 0.590963 0.626445 0.678670 0.492097 0.510193 0.452487 0.373410 0.388635 0.551835 0.497421 0.462690 0.401278 0.533981 0.389463 0.525533 0.610610 0.459446 0.489873 0.524807 0.456378 0.517609 0.500309
129 2 128 24 96 3.3 99 0.513571 0.470761 0.459081 0.485107 0.319661 0.440335 0.433124 0.555727 0.486788 0.586902 0.403656 0.553842 0.601161 0.492426 0.469409 0.456326 0.510616 0.418582 0.522603 0.587499 0.593685 0.405831 0.507879 0.445116 0.604642 0.378211 0.377666 0.338606 0.501441 0.349955 0.475674
130 2 136 24 96 3.3 99 0.517110 0.480030 0.518900 0.613422 0.510600 0.508892 0.689913 0.494341 0.565895 0.471072 0.433658 0.564987 0.553911 0.452578 0.492811 0.502093 0.478165 0.500434 0.535727 0.589721 0.575594 0.524281 0.415185 0.502848 0.488938 0.419715 0.635945 0.534934 0.649195 0.554651 0.525851
131 2 134 24 96 3.3 99 0.496673 0.469421 0.432308 0.497513 0.370915 0.471915 0.358521 0.428615 0.614082 0.470000 0.493840 0.490713 0.360951 0.660594 0.461015 0.546048 0.504321 0.583260 0.585064 0.445139 0.509076 0.417932 0.533549 0.470950 0.533467 0.585272 0.503361 0.473512 0.613857 0.503302 0.496173
132 2 133 24 96 3.3 99 0.468023 0.597129 0.497355 0.496389 0.522059 0.500368 0.405439 0.415102 0.378531 0.531116 0.430082 0.422280 0.470229 0.549615 0.397296 0.435749 0.577093 0.550402 0.496269 0.495717 0.429832 0.413577 0.584541 0.342376 0.358750 0.515281 0.413536 0.527847 0.355993 0.515018 0.469766
133 2 132 24 96 3.3 99 0.366880 0.443739 0.420013 0.642199 0.520971 0.513153 0.338595 0.550213 0.535500 0.450587 0.382824 0.489569 0.675960 0.596967 0.416813 0.583506 0.521302 0.571818 0.580151 0.420626 0.534991 0.445470 0.551457 0.465571 0.490467 0.519024 0.435592 0.475605 0.393197 0.427232 0.492000
134 2 131 24 96 3.3 99 0.594016 0.500874 0.483258 0.409384 0.387772 0.495114 0.524443 0.355883 0.568506 0.500667 0.396960 0.496416 0.402109 0.521893 0.582534 0.609212 0.565797 0.532484 0.504459 0.472134 0.358950 0.506055 0.435495 0.574238 0.570248 0.474639 0.518682 0.556165 0.561881 0.544233 0.500150
135 2 294 24 96 3.3 33 0.388416 0.403492 0.495375 0.436386 0.593813 0.450537 0.600709 0.480809 0.422970 0.547461 0.570207 0.516258 0.397089 0.323990 0.533758 0.541954 0.458972 0.470240 0.411276 0.533045 0.442445 0.592288 0.484079 0.471031 0.448475 0.540151 0.559992 0.481819 0.568482 0.496462 0.488733
136 2 135 24 96 3.3 99 0.472096 0.511302 0.442486 0.456628 0.465977 0.546506 0.554613 0.592296 0.534902 0.557962 0.489017 0.544903 0.413770 0.430983 0.479011 0.464545 0.510385 0.544323 0.546844 0.413398 0.646761 0.320573 0.385364 0.407825 0.622987 0.486628 0.371599 0.433198 0.380020 0.354958 0.479395
137 2 115 24 96 3.3 99 0.475346 0.664727 0.524265 0.504246 0.548107 0.520550 0.634101 0.580076 0.530363 0.487397 0.427030 0.534322 0.574751 0.451263 0.351853 0.521006 0.503188 0.436138 0.416442 0.353711 0.438349 0.304794 0.412230 0.684043 0.567236 0.468078 0.477796 0.518029 0.503581 0.554928 0.498932
138 2 114 24 96 3.3 99 0.374090 0.384931 0.450863 0.583300 0.617542 0.466876 0.645806 0.448730 0.522543 0.424748 0.625014 0.515589 0.444529 0.480474 0.392289 0.376098 0.453428 0.634894 0.574443 0.641151 0.600446 0.577737 0.515586 0.543588 0.647889 0.513060 0.564344 0.560708 0.644314 0.491593 0.523887
139 2 97 24 96 3.3 99 0.491983 0.518193 0.346777 0.396444 0.373514 0.528807 0.678456 0.539230 0.435626 0.458929 0.640298 0.503329 0.327890 0.584130 0.440928 0.386260 0.538432 0.580359 0.377989 0.625917 0.495255 0.468176 0.608051 0.446718 0.634957 0.540779 0.615113 0.499800 0.426386 0.554516 0.502108
140 2 96 24 96 3.3 99 0.599101 0.428617 0.427363 0.441335 0.525322 0.411712 0.392386 0.620094 0.538956 0.535908 0.524234 0.562667 0.508474 0.358147 0.496426 0.525797 0.498462 0.665779 0.609225 0.597538 0.498153 0.664667 0.618028 0.449738 0.433294 0.515971 0.365817 0.573278 0.495616 0.508327 0.513014
141 2 95 24 96 3.3 99 0.500496 0.477475 0.541593 0.418254 0.656648 0.544628 0.491848 0.542319 0.330751 0.429847 0.516917 0.461353 0.523995 0.444139 0.509961 0.437736 0.494185 0.524065 0.471096 0.499754 0.429779 0.545265 0.472583 0.592047 0.449567 0.419963 0.402426 0.515803 0.435223 0.389384 0.482303
142 2 130 24 96 3.3 99 0.446956 0.437348 0.485950 0.474559 0.408016 0.642832 0.409379 0.575314 0.418864 0.499920 0.681157 0.590233 0.503431 0.550484 0.568953 0.454928 0.512840 0.514061 0.478528 0.542658 0.369303 0.577957 0.495252 0.527921 0.489706 0.463623 0.469932 0.512458 0.626159 0.443587 0.505744
143 2 94 24 96 3.3 99 0.339835 0.398483 0.596993 0.645680 0.426161 0.515803 0.532460 0.418166 0.567428 0.468549 0.538307 0.497483 0.554818 0.606035 0.474601 0.451400 0.528352 0.407647 0.415784 0.575973 0.464290 0.528250 0.514881 0.590055 0.375548 0.413842 0.435120 0.459218 0.452671 0.446280 0.488004
144 2 129 24 96 3.3 99 0.531393 0.447309 0.488658 0.595236 0.470450 0.518213 0.647484 0.481987 0.421288 0.342989 0.552426 0.535567 0.630971 0.545261 0.380032 0.415554 0.390779 0.371438 0.601487 0.509933 0.345926 0.478216 0.562886 0.381609 0.444901 0.411454 0.533827 0.604280 0.457320 0.440683 0.484652
145 2 93 24 96 1.5 15 0.450778 0.527137 0.402480 0.586340 0.347809 0.535939 0.594309 0.461295 0.495173 0.655262 0.508289 0.447625 0.488647 0.650638 0.544468 0.419008 0.520575 0.528197 0.529319 0.513235 0.504748 0.530183 0.457394 0.466654 0.508098 0.575006 0.488013 0.471063 0.444169 0.455839 0.503590
146 2 141 24 96 1.5 45 0.302718 0.578470 0.589708 0.465864 0.493742 0.325795 0.621051 0.634859 0.495360 0.327030 0.485566 0.453081 0.436005 0.324030 0.472892 0.481491 0.512502 0.477708 0.414287 0.554981 0.476573 0.473979 0.445046 0.483791 0.438438 0.562752 0.615126 0.575927 0.541164 0.450911 0.483695
147 2 142 24 96 1.5 45 0.556592 0.576326 0.481748 0.591734 0.420800 0.452209 0.529564 0.525124 0.447549 0.526277 0.422569 0.339391 0.363012 0.507121 0.421963 0.390454 0.446750 0.549055 0.552245 0.436473 0.409794 0.498712 0.465388 0.457880 0.573339 0.687236 0.492600 0.570826 0.462542 0.588124 0.491447
148 2 144 24 96 1.5 45 0.637803 0.366956 0.566031 0.375570 0.493937 0.423998 0.587408 0.579087 0.582783 0.398777 0.563808 0.441128 0.564715 0.488247 0.555119 0.351777 0.492007 0.564647 0.504273 0.662175 0.494489 0.540361 0.458015 0.460764 0.527759 0.358094 0.629245 0.504230 0.442355 0.529946 0.504850
149 2 147 24 96 1.5 45 0.426087 0.605140 0.595562 0.431996 0.395049 0.528631 0.461124 0.415710 0.448620 0.397836 0.570121 0.326728 0.357961 0.568387 0.494991 0.520270 0.472371 0.384607 0.412320 0.385511 0.525333 0.625622 0.684439 0.526825 0.369152 0.531376 0.545424 0.570838 0.400330 0.436433 0.480493
150 2 148 24 96 1.5 45 0.661712 0.569942 0.560486 0.575268 0.487343 0.424247 0.542329 0.469273 0.403820 0.609961 0.497039 0.487083 0.453549 0.544318 0.423216 0.422189 0.466773 0.553686 0.448411 0.583845 0.617283 0.511219 0.374230 0.411364 0.453798 0.445148 0.471374 0.307589 0.529830 0.474136 0.492682
1 1 1 168
2 2 2 168
3 2 2 168
4 2 2 168
5 2 2 168
6 2 2 168
7 2 2 168
8 2 2 168
9 3 1 168
10 4 2 168
11 5 2 168
12 6 2 168
13 6 2 168
14 6 2 168
15 6 2 168
16 6 2 168
17 6 2 168
18 6 2 168
19 6 2 168
20 6 2 168
21 6 2 168
22 6 2 168
23 6 2 168
24 6 2 168
25 6 2 168
26 6 2 168
27 6 2 168
28 6 2 168
29 6 2 168
30 6 2 168
31 6 2 168
32 6 2 168
33 6 2 168
34 6 2 168
35 6 2 168
36 6 2 168
37 6 2 168
38 6 2 168
39 6 2 168
40 6 2 168
41 6 2 168
42 6 2 168
43 6 2 168
44 6 2 168
45 6 2 168
46 6 2 168
47 6 2 168
48 6 2 168
49 6 2 168
50 6 2 168
51 7 2 168
52 8 1 168
53 8 1 168
54 8 1 168
55 9 1 168
56 9 1 168
57 10 1 168
