177 300 112

1 6 931 0 96 0.8 24
2 20 883 0 48 7.2 216
3 9 785 0 96 0.8 24
4 10 837 0 48 2.9 87
5 26 920 0 96 28 840
6 10 835 0 48 2.9 87
7 10 836 0 48 2.9 87
8 10 894 0 48 3.5 105
9 9 783 0 96 0.8 24
10 10 813 0 48 8.9 267
11 36 267 0 432 1.2 48
12 36 8 0 144 1.2 12
13 27 344 0 432 14 420
14 27 345 0 432 14 420
15 27 554 0 432 14 420
16 27 428 0 432 14 420
17 22 566 0 168 0.7 21
18 34 101 0 168 3 90
19 34 101 0 168 3 90
20 34 327 0 168 3 90
21 34 327 0 168 3 90
22 38 329 0 864 7.2 144
23 30 593 0 168 0.6 6
24 11 886 0 24 1.5 45
25 10 813 0 432 0.5 15
26 1 657 0 72 6.4 64
27 1 657 0 72 7.2 72
28 3 657 0 72 7.2 72
29 23 883 0 48 13 390
30 29 895 0 48 10.8 216
31 31 831 0 96 13 390
32 29 919 0 1200 9 270
33 10 839 0 192 13.2 396
34 39 786 0 600 7.2 216
35 23 798 0 192 20 600
36 32 798 0 600 22.8 684
37 31 830 0 96 108.2 3246
38 39 883 0 96 4.2 126
39 21 919 0 96 4.2 126
40 20 883 0 192 25 750
41 27 545 0 72 4 160
42 27 544 0 72 4 160
43 27 544 0 72 4 160
44 27 544 0 72 4 160
45 27 545 0 72 4 160
46 27 545 0 72 4 160
47 27 545 0 72 4 160
48 27 544 0 72 4 160
49 22 572 0 72 7.2 288
50 22 598 0 72 7.2 288
51 22 567 0 72 7.2 216
52 22 572 0 72 7.2 288
53 22 595 0 72 7.2 216
54 22 555 0 72 7.2 288
55 22 548 0 72 7.2 216
56 22 598 0 72 7.2 288
57 22 570 0 72 7.2 216
58 34 23 0 168 3 90
59 34 23 0 168 3 90
60 39 801 0 600 7.2 216
61 39 801 0 600 7.2 216
62 8 802 0 48 0.7 21
63 8 779 0 48 0.7 21
64 34 98 0 168 3 90
65 34 98 0 168 3 90
66 34 99 0 168 3 90
67 34 99 0 168 3 90
68 34 100 0 168 3 90
69 34 100 0 168 3 90
70 34 103 0 168 3 90
71 34 103 0 168 3 90
72 34 104 0 168 3 90
73 34 104 0 168 3 90
74 34 90 0 168 3 90
75 34 90 0 168 3 90
76 34 92 0 168 3 90
77 34 92 0 168 3 90
78 34 94 0 168 3 90
79 34 94 0 168 3 90
80 34 95 0 168 3 90
81 34 95 0 168 3 90
82 34 112 0 168 3 90
83 34 112 0 168 3 90
84 34 113 0 168 3 90
85 34 113 0 168 3 90
86 34 114 0 168 3 90
87 34 114 0 168 3 90
88 34 116 0 168 3 90
89 34 116 0 168 3 90
90 34 117 0 168 3 90
91 34 117 0 168 3 90
92 34 122 0 168 3 90
93 34 122 0 168 3 90
94 36 209 0 72 27 810
95 34 320 0 168 3 90
96 34 320 0 168 3 90
97 36 227 0 72 24 480
98 8 807 0 48 0.7 21
99 23 804 0 792 20 600
100 32 804 0 192 24 720
101 18 7 0 24 7.2 72
102 8 810 0 48 0.7 21
103 25 600 0 432 6 180
104 17 769 0 72 1 30
105 39 796 0 96 7.2 216
106 32 183 0 216 5.1 51
107 32 769 0 288 6 180
108 32 798 0 600 11.1 333
109 26 819 0 600 25 750
110 21 902 0 96 2.7 81
111 5 431 0 72 6.4 64
112 5 541 0 72 7.2 72
113 4 713 0 72 7.2 72
114 10 914 0 216 7.2 216
115 6 778 0 96 7.2 216
116 8 767 0 48 0.7 21
117 11 938 24 72 2 60
118 10 821 24 72 6.5 195
119 16 801 24 216 2 60
120 9 775 24 120 0.8 24
121 10 828 24 72 7.2 216
122 10 811 24 72 8.9 267
123 18 7 24 48 7.2 72
124 11 884 24 48 1.5 45
125 16 164 24 96 1.4 28
126 1 657 24 96 7.2 72
127 3 657 24 96 7.2 72
128 22 634 24 72 0.6 18
129 22 550 24 96 1.9 57
130 29 907 24 72 22 660
131 31 820 24 72 8 240
132 31 821 24 72 8 240
133 21 839 24 120 4.2 126
134 21 891 24 120 4.2 126
135 39 783 24 120 7.2 216
136 23 783 24 120 10.8 324
137 32 783 24 120 19.6 588
138 31 820 24 1224 16 480
139 29 931 24 216 7.2 216
140 21 820 24 120 4.2 126
141 31 891 24 120 17 510
142 27 543 24 96 1.4 56
143 27 542 24 96 1.4 56
144 27 542 24 96 1.4 56
145 27 542 24 96 1.4 56
146 27 542 24 96 4 160
147 27 543 24 96 1.4 56
148 27 543 24 96 1.4 56
149 27 543 24 96 1.4 56
150 8 769 24 96 0.7 21
151 8 799 24 72 0.7 21
152 8 823 24 96 0.7 21
153 8 883 24 96 0.7 21
154 8 886 24 96 0.7 21
155 8 884 24 96 0.7 21
156 26 895 24 216 10.2 204
157 16 896 24 216 2 60
158 29 895 24 72 20.6 412
159 7 565 24 120 11 110
160 8 805 24 72 0.7 21
161 9 806 24 120 2.3 69
162 28 939 24 168 5.6 168
163 8 804 24 72 0.7 21
164 9 804 24 120 2.3 69
165 16 810 24 216 2 60
166 30 429 24 120 6.4 64
167 31 832 24 3480 53.2 1596
168 32 773 24 120 11.2 336
169 32 783 24 120 11.2 336
170 36 245 24 120 3 60
171 26 820 24 120 25 750
172 5 610 24 96 7.2 288
173 20 888 24 120 7.2 216
174 8 747 24 72 0.7 21
175 22 729 24 96 7.2 288
176 29 914 24 456 7.2 216
177 37 126 24 168 7.2 72
178 6 775 24 120 7.2 216
179 6 787 24 120 7.2 216
180 6 837 24 120 7.2 216
181 6 838 24 120 7.2 216
182 41 748 24 312 7.2 144
183 41 750 24 312 7.2 144
184 41 751 24 312 7.2 144
185 35 757 24 312 7.2 144
186 35 758 24 312 7.2 144
187 35 759 24 312 7.2 144
188 35 760 24 312 7.2 144
189 40 546 24 96 7.2 72
190 40 546 24 96 7.2 72
191 2 599 24 96 7.2 216
192 2 610 24 96 7.2 288
193 2 713 24 96 7.2 72
194 40 593 24 96 7.2 72
195 40 593 24 96 7.2 72
196 2 713 24 96 7.2 72
197 4 671 24 216 7.2 216
198 22 633 24 96 7.2 216
199 22 634 24 96 7.2 216
200 26 833 24 408 30.8 924
201 21 931 48 144 7.2 216
202 6 889 48 144 3.5 105
203 10 819 48 96 6.5 195
204 10 831 48 96 7.2 216
205 10 920 48 144 4.9 147
206 10 908 48 96 3.6 108
207 26 928 48 144 28 840
208 10 834 48 96 2.9 87
209 36 260 48 192 0.9 36
210 18 5 48 72 7.2 72
211 19 6 48 192 7.2 72
212 18 181 48 120 7.2 72
213 18 181 48 192 7.2 72
214 19 8 48 120 7.2 72
215 18 182 48 48 7.2 72
216 14 40 48 192 7.2 72
217 15 552 48 480 2.2 66
218 15 597 48 480 2.2 66
219 11 887 48 72 1.5 45
220 11 889 48 72 1.5 45
221 13 25 48 408 12.8 128
222 1 657 48 120 7.2 72
223 3 657 48 120 7.2 72
224 22 582 48 120 0.8 24
225 22 568 48 216 3.9 117
226 12 839 48 96 34.2 1026
227 29 900 48 96 4.6 138
228 29 902 48 96 4.6 138
229 31 828 48 144 13 390
230 31 819 48 96 8 240
231 31 829 48 240 13 390
232 21 837 48 648 4.2 126
233 23 777 48 144 10.8 324
234 32 777 48 144 19.6 588
235 31 829 48 240 108.2 3246
236 21 829 48 144 3.1 93
237 26 891 48 648 22.8 684
238 15 334 48 1344 5 200
239 15 334 48 1344 5 200
240 15 334 48 1344 5 200
241 36 212 48 120 5.7 171
242 39 799 48 144 7.2 216
243 39 799 48 144 7.2 216
244 8 742 48 192 0.7 21
245 8 790 48 120 0.7 21
246 8 792 48 96 0.7 21
247 8 796 48 96 0.7 21
248 8 803 48 96 0.7 21
249 8 791 48 120 0.7 21
250 8 812 48 96 0.7 21
251 8 811 48 96 0.7 21
252 8 811 48 96 0.7 21
253 8 813 48 96 0.7 21
254 8 892 48 96 0.7 21
255 8 893 48 96 0.7 21
256 8 819 48 96 0.7 21
257 8 819 48 96 0.7 21
258 8 820 48 96 0.7 21
259 8 820 48 96 0.7 21
260 8 821 48 96 0.7 21
261 8 888 48 120 0.7 21
262 8 889 48 120 0.7 21
263 36 263 48 480 1.2 48
264 31 830 48 96 13 390
265 10 920 48 96 3.5 105
266 26 829 48 240 25 750
267 9 791 48 192 2.3 69
268 18 7 48 72 7.2 72
269 17 778 48 144 8 240
270 33 777 48 168 2.9 87
271 25 379 48 360 7.2 216
272 25 377 48 360 7.2 216
273 23 770 48 120 1 30
274 21 901 48 144 2.7 81
275 32 771 48 144 11.2 336
276 32 777 48 144 11.2 336
277 15 597 48 480 3.2 96
278 15 552 48 480 3.2 96
279 5 360 48 96 7.2 72
280 25 501 48 480 7.2 144
281 25 507 48 480 7.2 216
282 25 509 48 480 7.2 216
283 25 496 48 480 7.2 144
284 25 365 48 480 7.2 144
285 25 519 48 480 7.2 144
286 25 499 48 480 7.2 144
287 25 498 48 480 7.2 144
288 25 471 48 480 7.2 144
289 25 508 48 480 7.2 216
290 25 489 48 480 7.2 144
291 25 506 48 480 7.2 216
292 25 488 48 480 7.2 144
293 25 504 48 480 7.2 216
294 25 505 48 480 7.2 216
295 25 502 48 480 7.2 144
296 25 518 48 480 7.2 144
297 16 38 48 336 7.2 72
298 22 718 48 216 7.2 288
299 24 493 48 192 2.1 63
300 22 729 48 264 7.2 288

1 1 2 3480
2 1 2 3480
3 2 1 3480
4 2 1 3480
5 3 1 3480
6 4 1 3480
7 5 2 3480
8 5 2 3480
9 6 1 3480
10 6 1 3480
11 7 2 3480
12 8 1 3480
13 9 1 3480
14 10 1 3480
15 10 1 3480
16 10 1 3480
17 10 1 3480
18 11 1 3480
19 12 2 3480
20 12 2 3480
21 13 2 3480
22 14 1 3480
23 15 2 3480
24 15 2 3480
25 16 2 3480
26 17 1 3480
27 18 2 3480
28 18 2 3480
29 18 2 3480
30 19 2 3480
31 20 2 3480
32 20 2 3480
33 21 2 3480
34 21 2 3480
35 22 1 3480
36 22 1 3480
37 22 1 3480
38 22 1 3480
39 22 1 3480
40 23 2 3480
41 23 2 3480
42 23 2 3480
43 23 2 3480
44 24 2 3480
45 25 2 3480
46 25 2 3480
47 25 2 3480
48 25 2 3480
49 25 2 3480
50 25 2 3480
51 26 1 3480
52 26 1 3480
53 26 1 3480
54 26 1 3480
55 26 1 3480
56 26 1 3480
57 26 1 3480
58 26 1 3480
59 26 1 3480
60 27 2 3480
61 27 2 3480
62 27 2 3480
63 27 2 3480
64 27 2 3480
65 28 2 3480
66 29 1 3480
67 29 1 3480
68 29 1 3480
69 29 1 3480
70 30 1 3480
71 31 1 3480
72 31 1 3480
73 31 1 3480
74 31 1 3480
75 31 1 3480
76 31 1 3480
77 31 1 3480
78 31 1 3480
79 31 1 3480
80 31 1 3480
81 31 1 3480
82 31 1 3480
83 31 1 3480
84 31 1 3480
85 31 1 3480
86 31 1 3480
87 32 1 3480
88 32 1 3480
89 32 1 3480
90 32 1 3480
91 32 1 3480
92 32 1 3480
93 32 1 3480
94 33 1 3480
95 34 2 3480
96 34 2 3480
97 34 2 3480
98 34 2 3480
99 34 2 3480
100 35 2 3480
101 35 2 3480
102 36 2 3480
103 36 2 3480
104 36 2 3480
105 37 2 3480
106 38 2 3480
107 39 2 3480
108 39 2 3480
109 39 2 3480
110 40 1 3480
111 40 1 3480
112 41 1 3480
