93 150 92

1 3 1323 0 48 1.6 48
2 46 205 0 72 3.3 132
3 40 884 0 216 1 20
4 40 884 0 216 1 20
5 40 884 0 216 1 20
6 40 884 0 216 1 20
7 40 886 0 216 1 20
8 40 886 0 216 1 20
9 40 908 0 216 1 20
10 40 908 0 216 1 20
11 24 250 0 216 1 30
12 24 250 0 216 1 30
13 24 250 0 216 1 30
14 24 251 0 216 1 30
15 41 242 0 48 4 40
16 41 256 0 72 6 180
17 41 256 0 72 18 540
18 38 1245 0 168 6.4 192
19 38 1247 0 168 6.4 192
20 38 1248 0 168 6.4 192
21 38 1249 0 168 6.4 192
22 38 1250 0 168 6.4 192
23 36 416 0 240 16 480
24 36 416 0 240 40 1200
25 40 1118 0 264 1 30
26 1 361 0 360 1 40
27 1 314 0 360 1 40
28 44 1020 0 120 4 160
29 35 291 0 168 4 120
30 35 291 0 168 8 240
31 35 308 0 168 16 480
32 35 247 0 168 4 120
33 42 563 0 168 3.2 64
34 42 563 0 168 6.4 128
35 42 565 0 168 3.2 64
36 42 565 0 168 6.4 128
37 42 566 0 168 3.2 64
38 42 566 0 168 6.4 128
39 42 567 0 168 3.2 64
40 42 567 0 168 6.4 128
41 37 1129 0 168 6.4 128
42 37 1129 0 168 6.4 128
43 42 764 0 72 3.2 128
44 42 764 0 72 12.8 512
45 35 296 0 168 8 240
46 35 296 0 168 16 480
47 35 297 0 168 8 240
48 35 297 0 168 16 480
49 29 300 0 288 6.4 192
50 49 1343 0 48 2.7 81
51 49 1329 0 72 3 30
52 40 695 0 216 1.5 30
53 44 506 0 168 4 40
54 49 1329 0 72 0.7 7
55 49 1284 0 72 6 240
56 2 397 0 72 8 160
57 2 1339 0 72 8 80
58 39 1111 0 288 5 150
59 25 847 0 432 8 240
60 15 1194 0 72 6.4 64
61 15 1194 0 72 6.4 64
62 8 242 0 72 6.4 64
63 9 335 0 72 6.4 64
64 10 267 0 72 6.4 64
65 11 1088 0 72 6.4 64
66 12 1080 0 72 6.4 64
67 13 506 0 72 6.4 64
68 14 369 0 72 6.4 64
69 16 506 0 72 6.4 64
70 17 506 0 72 6.4 64
71 19 466 0 72 6.4 64
72 20 466 0 72 6.4 64
73 21 432 0 72 6.4 64
74 40 1011 0 288 0.5 10
75 40 1003 0 288 0.5 10
76 29 341 0 72 1.6 16
77 33 1225 0 240 1 30
78 26 242 0 72 1 10
79 27 1194 0 72 2 20
80 27 1116 0 72 1.4 14
81 33 671 0 72 4 40
82 33 671 0 72 1 10
83 27 870 0 168 1 20
84 33 1221 0 168 3 30
85 32 357 0 240 12.8 128
86 34 432 0 72 12.8 128
87 26 242 0 72 0.3 3
88 26 242 0 72 0.3 3
89 2 398 0 72 4 40
90 2 392 0 528 2 60
91 2 393 0 528 2 60
92 2 394 0 528 2 60
93 2 395 0 528 2 60
94 2 396 0 528 2 60
95 2 946 0 72 4 160
96 2 946 0 528 2 80
97 23 1293 0 240 6 180
98 31 506 0 240 8 80
99 34 1133 0 72 6.4 64
100 44 1033 0 120 4 120
101 4 947 0 528 7.2 288
102 38 1241 0 24 6.4 64
103 45 1088 0 72 12.8 128
104 7 1133 0 72 6.4 64
105 5 1080 0 168 6.4 64
106 6 869 0 72 6.4 64
107 43 475 0 432 4 160
108 43 1086 0 432 4 160
109 47 139 0 168 7.2 144
110 47 141 0 168 7.2 144
111 30 671 0 72 7.2 72
112 3 1289 0 48 1.3 39
113 3 1289 0 48 1 30
114 27 869 0 168 7.2 72
115 28 1084 0 168 7.2 72
116 4 1097 0 216 7.2 288
117 46 181 0 144 7.2 216
118 39 1106 0 216 7.2 288
119 48 147 0 144 7.2 288
120 18 1241 0 72 7.2 72
121 3 1365 0 96 1.7 51
122 3 1365 0 96 1 30
123 3 1290 24 120 1 30
124 49 1289 24 72 1.8 54
125 22 1293 24 72 1.7 51
126 22 1293 24 72 1.7 51
127 22 1293 24 72 0.5 15
128 22 1293 24 72 0.5 15
129 22 1318 24 72 1.1 33
130 22 1318 24 72 1.1 33
131 22 1318 24 72 1.1 33
132 22 1318 24 72 1.1 33
133 23 1296 24 144 6 180
134 22 1296 24 72 1.8 54
135 22 1296 24 72 1.8 54
136 22 1296 24 72 1.1 33
137 22 1296 24 72 1.1 33
138 49 1287 24 72 1.8 54
139 49 1368 24 96 1.8 54
140 46 193 24 888 1.2 24
141 4 1194 24 192 9.4 94
142 4 506 24 216 12.8 128
143 40 891 24 672 2 60
144 40 885 24 672 2 60
145 41 257 24 144 8 240
146 29 242 24 96 3.2 32
147 1 383 24 384 1.5 45
148 42 1230 24 96 3.2 128
149 42 1230 24 96 12.8 512
150 36 580 24 96 8 240

1 1 2 888
2 2 1 888
3 2 1 888
4 3 1 888
5 4 2 888
6 4 2 888
7 5 1 888
8 6 1 888
9 7 2 888
10 8 2 888
11 9 2 888
12 10 2 888
13 11 1 888
14 12 2 888
15 13 1 888
16 14 2 888
17 15 2 888
18 16 1 888
19 17 2 888
20 18 1 888
21 19 2 888
22 20 1 888
23 21 2 888
24 22 2 888
25 23 2 888
26 24 1 888
27 25 1 888
28 26 2 888
29 27 1 888
30 28 2 888
31 29 2 888
32 30 1 888
33 31 2 888
34 32 2 888
35 33 2 888
36 34 1 888
37 35 2 888
38 35 2 888
39 35 2 888
40 35 2 888
41 36 2 888
42 36 2 888
43 36 2 888
44 37 1 888
45 38 1 888
46 38 1 888
47 39 2 888
48 40 2 888
49 41 1 888
50 41 1 888
51 42 2 888
52 42 2 888
53 42 2 888
54 43 2 888
55 44 1 888
56 45 2 888
57 46 2 888
58 47 2 888
59 48 2 888
60 49 1 888
61 50 1 888
62 51 1 888
63 51 1 888
64 52 1 888
65 52 1 888
66 52 1 888
67 52 1 888
68 52 1 888
69 52 1 888
70 52 1 888
71 52 1 888
72 53 2 888
73 53 2 888
74 53 2 888
75 53 2 888
76 53 2 888
77 54 2 888
78 55 2 888
79 55 2 888
80 56 2 888
81 56 2 888
82 57 1 888
83 58 1 888
84 58 1 888
85 59 1 888
86 60 1 888
87 61 2 888
88 62 1 888
89 62 1 888
90 63 2 888
91 64 1 888
92 64 1 888
