# COELHO'S SOLUTION (D.V. VALUES) — theta=0, no degradation
# Instance 14 — LTPMSP_02_00600_00256_00388.txt
# Objective value: 3340.0000   Gap: 40.6287%   Status: TIME_LIMIT
# Runtime: 602.79 s
# Q=388 N=600 M=256 BIG_M=1608.0
#
# --- y[i]: job internally-scheduled indicator ---
y 0 1
y 1 1
y 2 1
y 3 1
y 4 1
y 5 1
y 6 1
y 7 1
y 8 1
y 9 1
y 10 1
y 11 1
y 12 1
y 13 1
y 14 0
y 15 0
y 16 1
y 17 1
y 18 1
y 19 1
y 20 1
y 21 1
y 22 1
y 23 1
y 24 1
y 25 1
y 26 1
y 27 1
y 28 1
y 29 1
y 30 1
y 31 1
y 32 1
y 33 1
y 34 1
y 35 1
y 36 1
y 37 1
y 38 1
y 39 1
y 40 1
y 41 1
y 42 1
y 43 1
y 44 1
y 45 1
y 46 1
y 47 1
y 48 1
y 49 1
y 50 1
y 51 1
y 52 1
y 53 1
y 54 1
y 55 1
y 56 1
y 57 1
y 58 1
y 59 1
y 60 1
y 61 1
y 62 1
y 63 1
y 64 1
y 65 1
y 66 1
y 67 1
y 68 1
y 69 1
y 70 1
y 71 1
y 72 1
y 73 1
y 74 1
y 75 1
y 76 1
y 77 1
y 78 1
y 79 1
y 80 1
y 81 1
y 82 1
y 83 1
y 84 1
y 85 1
y 86 1
y 87 1
y 88 1
y 89 1
y 90 1
y 91 1
y 92 1
y 93 1
y 94 1
y 95 1
y 96 1
y 97 1
y 98 1
y 99 1
y 100 1
y 101 1
y 102 1
y 103 1
y 104 1
y 105 1
y 106 1
y 107 1
y 108 1
y 109 1
y 110 1
y 111 1
y 112 1
y 113 1
y 114 1
y 115 1
y 116 1
y 117 1
y 118 1
y 119 1
y 120 1
y 121 1
y 122 1
y 123 1
y 124 1
y 125 1
y 126 1
y 127 1
y 128 1
y 129 1
y 130 1
y 131 1
y 132 1
y 133 1
y 134 1
y 135 1
y 136 1
y 137 1
y 138 1
y 139 1
y 140 1
y 141 1
y 142 1
y 143 1
y 144 1
y 145 1
y 146 1
y 147 1
y 148 1
y 149 1
y 150 1
y 151 1
y 152 1
y 153 1
y 154 1
y 155 1
y 156 1
y 157 1
y 158 1
y 159 1
y 160 1
y 161 1
y 162 1
y 163 1
y 164 1
y 165 0
y 166 1
y 167 1
y 168 1
y 169 1
y 170 1
y 171 1
y 172 1
y 173 1
y 174 1
y 175 1
y 176 1
y 177 1
y 178 1
y 179 1
y 180 1
y 181 1
y 182 0
y 183 1
y 184 0
y 185 0
y 186 0
y 187 0
y 188 0
y 189 0
y 190 0
y 191 0
y 192 1
y 193 1
y 194 1
y 195 1
y 196 0
y 197 1
y 198 1
y 199 1
y 200 0
y 201 0
y 202 0
y 203 0
y 204 0
y 205 0
y 206 0
y 207 1
y 208 1
y 209 1
y 210 1
y 211 1
y 212 1
y 213 1
y 214 1
y 215 1
y 216 1
y 217 1
y 218 1
y 219 1
y 220 1
y 221 1
y 222 1
y 223 1
y 224 1
y 225 1
y 226 1
y 227 1
y 228 1
y 229 1
y 230 1
y 231 1
y 232 1
y 233 1
y 234 1
y 235 1
y 236 1
y 237 1
y 238 1
y 239 1
y 240 1
y 241 1
y 242 1
y 243 1
y 244 1
y 245 1
y 246 1
y 247 1
y 248 1
y 249 1
y 250 1
y 251 1
y 252 1
y 253 1
y 254 1
y 255 1
y 256 1
y 257 1
y 258 1
y 259 1
y 260 1
y 261 1
y 262 1
y 263 1
y 264 1
y 265 1
y 266 1
y 267 1
y 268 1
y 269 1
y 270 1
y 271 1
y 272 1
y 273 1
y 274 1
y 275 1
y 276 1
y 277 1
y 278 1
y 279 1
y 280 1
y 281 1
y 282 1
y 283 1
y 284 1
y 285 1
y 286 1
y 287 1
y 288 1
y 289 1
y 290 1
y 291 1
y 292 1
y 293 1
y 294 1
y 295 1
y 296 1
y 297 1
y 298 1
y 299 1
y 300 1
y 301 1
y 302 1
y 303 1
y 304 1
y 305 1
y 306 1
y 307 1
y 308 1
y 309 1
y 310 1
y 311 1
y 312 1
y 313 1
y 314 1
y 315 1
y 316 1
y 317 1
y 318 1
y 319 1
y 320 1
y 321 1
y 322 1
y 323 1
y 324 1
y 325 1
y 326 0
y 327 1
y 328 1
y 329 1
y 330 1
y 331 1
y 332 1
y 333 1
y 334 1
y 335 1
y 336 1
y 337 1
y 338 1
y 339 1
y 340 1
y 341 1
y 342 1
y 343 1
y 344 1
y 345 1
y 346 1
y 347 1
y 348 1
y 349 1
y 350 1
y 351 1
y 352 1
y 353 1
y 354 1
y 355 1
y 356 1
y 357 1
y 358 1
y 359 1
y 360 1
y 361 1
y 362 1
y 363 1
y 364 1
y 365 1
y 366 1
y 367 1
y 368 1
y 369 1
y 370 1
y 371 1
y 372 1
y 373 1
y 374 1
y 375 1
y 376 1
y 377 1
y 378 1
y 379 1
y 380 1
y 381 1
y 382 1
y 383 1
y 384 1
y 385 1
y 386 1
y 387 1
y 388 1
y 389 1
y 390 1
y 391 1
y 392 1
y 393 1
y 394 1
y 395 1
y 396 1
y 397 1
y 398 1
y 399 1
y 400 1
y 401 1
y 402 1
y 403 1
y 404 1
y 405 1
y 406 1
y 407 1
y 408 1
y 409 1
y 410 1
y 411 1
y 412 1
y 413 1
y 414 1
y 415 1
y 416 1
y 417 1
y 418 1
y 419 0
y 420 1
y 421 0
y 422 0
y 423 0
y 424 0
y 425 1
y 426 0
y 427 0
y 428 0
y 429 1
y 430 1
y 431 1
y 432 1
y 433 1
y 434 1
y 435 1
y 436 1
y 437 1
y 438 1
y 439 1
y 440 1
y 441 1
y 442 1
y 443 1
y 444 1
y 445 1
y 446 1
y 447 1
y 448 1
y 449 1
y 450 1
y 451 1
y 452 1
y 453 0
y 454 1
y 455 1
y 456 1
y 457 1
y 458 1
y 459 1
y 460 1
y 461 1
y 462 1
y 463 1
y 464 1
y 465 1
y 466 1
y 467 1
y 468 1
y 469 1
y 470 1
y 471 1
y 472 1
y 473 1
y 474 1
y 475 1
y 476 1
y 477 1
y 478 1
y 479 1
y 480 1
y 481 1
y 482 1
y 483 1
y 484 1
y 485 1
y 486 1
y 487 1
y 488 1
y 489 1
y 490 1
y 491 1
y 492 1
y 493 1
y 494 1
y 495 1
y 496 1
y 497 1
y 498 1
y 499 1
y 500 1
y 501 1
y 502 1
y 503 1
y 504 1
y 505 1
y 506 1
y 507 1
y 508 1
y 509 1
y 510 1
y 511 1
y 512 1
y 513 1
y 514 1
y 515 1
y 516 1
y 517 1
y 518 1
y 519 1
y 520 1
y 521 1
y 522 1
y 523 1
y 524 1
y 525 1
y 526 1
y 527 1
y 528 1
y 529 1
y 530 1
y 531 1
y 532 1
y 533 1
y 534 1
y 535 1
y 536 1
y 537 1
y 538 1
y 539 1
y 540 1
y 541 1
y 542 1
y 543 1
y 544 1
y 545 1
y 546 1
y 547 1
y 548 1
y 549 1
y 550 1
y 551 1
y 552 1
y 553 1
y 554 1
y 555 1
y 556 1
y 557 1
y 558 1
y 559 1
y 560 1
y 561 1
y 562 1
y 563 1
y 564 1
y 565 1
y 566 1
y 567 1
y 568 1
y 569 1
y 570 1
y 571 1
y 572 1
y 573 1
y 574 1
y 575 1
y 576 1
y 577 1
y 578 1
y 579 1
y 580 1
y 581 1
y 582 1
y 583 1
y 584 1
y 585 1
y 586 1
y 587 1
y 588 1
y 589 1
y 590 1
y 591 1
y 592 1
y 593 1
y 594 1
y 595 1
y 596 1
y 597 1
y 598 1
y 599 1
# --- x[i,k]: job-to-crew assignment (only pairs with x=1 listed) ---
x 0 118 1
x 1 118 1
x 2 116 1
x 3 9 1
x 4 20 1
x 5 3 1
x 6 20 1
x 7 20 1
x 8 20 1
x 9 20 1
x 10 20 1
x 11 20 1
x 12 4 1
x 13 144 1
x 16 2 1
x 17 2 1
x 18 52 1
x 19 52 1
x 20 52 1
x 21 52 1
x 22 52 1
x 23 52 1
x 24 52 1
x 25 52 1
x 26 52 1
x 27 60 1
x 28 52 1
x 29 47 1
x 30 47 1
x 31 65 1
x 32 65 1
x 33 65 1
x 34 20 1
x 35 20 1
x 36 20 1
x 37 119 1
x 38 6 1
x 39 207 1
x 40 207 1
x 41 207 1
x 42 207 1
x 43 207 1
x 44 207 1
x 45 207 1
x 46 207 1
x 47 207 1
x 48 207 1
x 49 207 1
x 50 207 1
x 51 207 1
x 52 207 1
x 53 207 1
x 54 207 1
x 55 207 1
x 56 207 1
x 57 167 1
x 58 167 1
x 59 167 1
x 60 167 1
x 61 167 1
x 62 167 1
x 63 167 1
x 64 167 1
x 65 167 1
x 66 167 1
x 67 167 1
x 68 167 1
x 69 167 1
x 70 167 1
x 71 167 1
x 72 167 1
x 73 167 1
x 74 167 1
x 75 167 1
x 76 167 1
x 77 167 1
x 78 167 1
x 79 182 1
x 80 182 1
x 81 182 1
x 82 182 1
x 83 182 1
x 84 182 1
x 85 182 1
x 86 182 1
x 87 182 1
x 88 182 1
x 89 182 1
x 90 182 1
x 91 182 1
x 92 182 1
x 93 182 1
x 94 182 1
x 95 182 1
x 96 182 1
x 97 182 1
x 98 182 1
x 99 182 1
x 100 182 1
x 101 182 1
x 102 182 1
x 103 182 1
x 104 182 1
x 105 182 1
x 106 160 1
x 107 160 1
x 108 160 1
x 109 160 1
x 110 160 1
x 111 160 1
x 112 160 1
x 113 220 1
x 114 220 1
x 115 220 1
x 116 220 1
x 117 220 1
x 118 220 1
x 119 220 1
x 120 229 1
x 121 229 1
x 122 229 1
x 123 229 1
x 124 229 1
x 125 243 1
x 126 243 1
x 127 243 1
x 128 243 1
x 129 243 1
x 130 243 1
x 131 243 1
x 132 243 1
x 133 248 1
x 134 248 1
x 135 248 1
x 136 248 1
x 137 248 1
x 138 248 1
x 139 248 1
x 140 248 1
x 141 248 1
x 142 248 1
x 143 248 1
x 144 237 1
x 145 237 1
x 146 237 1
x 147 237 1
x 148 237 1
x 149 127 1
x 150 127 1
x 151 127 1
x 152 127 1
x 153 127 1
x 154 40 1
x 155 36 1
x 156 36 1
x 157 36 1
x 158 38 1
x 159 38 1
x 160 127 1
x 161 127 1
x 162 127 1
x 163 127 1
x 164 127 1
x 166 127 1
x 167 127 1
x 168 127 1
x 169 127 1
x 170 127 1
x 171 127 1
x 172 123 1
x 173 115 1
x 174 115 1
x 175 113 1
x 176 113 1
x 177 123 1
x 178 123 1
x 179 218 1
x 180 234 1
x 181 216 1
x 183 219 1
x 192 18 1
x 193 18 1
x 194 7 1
x 195 4 1
x 197 112 1
x 198 30 1
x 199 30 1
x 207 127 1
x 208 127 1
x 209 127 1
x 210 127 1
x 211 127 1
x 212 127 1
x 213 127 1
x 214 127 1
x 215 127 1
x 216 113 1
x 217 46 1
x 218 46 1
x 219 46 1
x 220 46 1
x 221 46 1
x 222 40 1
x 223 40 1
x 224 40 1
x 225 40 1
x 226 40 1
x 227 40 1
x 228 40 1
x 229 40 1
x 230 40 1
x 231 40 1
x 232 40 1
x 233 40 1
x 234 40 1
x 235 40 1
x 236 40 1
x 237 40 1
x 238 40 1
x 239 40 1
x 240 0 1
x 241 52 1
x 242 52 1
x 243 52 1
x 244 60 1
x 245 65 1
x 246 4 1
x 247 20 1
x 248 30 1
x 249 67 1
x 250 67 1
x 251 67 1
x 252 67 1
x 253 67 1
x 254 67 1
x 255 67 1
x 256 67 1
x 257 67 1
x 258 67 1
x 259 144 1
x 260 47 1
x 261 47 1
x 262 47 1
x 263 47 1
x 264 47 1
x 265 47 1
x 266 47 1
x 267 47 1
x 268 52 1
x 269 52 1
x 270 52 1
x 271 47 1
x 272 60 1
x 273 60 1
x 274 60 1
x 275 60 1
x 276 60 1
x 277 60 1
x 278 63 1
x 279 52 1
x 280 52 1
x 281 52 1
x 282 52 1
x 283 52 1
x 284 52 1
x 285 52 1
x 286 52 1
x 287 52 1
x 288 52 1
x 289 47 1
x 290 52 1
x 291 52 1
x 292 52 1
x 293 52 1
x 294 52 1
x 295 52 1
x 296 52 1
x 297 52 1
x 298 52 1
x 299 52 1
x 300 20 1
x 301 119 1
x 302 160 1
x 303 160 1
x 304 182 1
x 305 160 1
x 306 160 1
x 307 160 1
x 308 160 1
x 309 160 1
x 310 160 1
x 311 160 1
x 312 160 1
x 313 160 1
x 314 160 1
x 315 160 1
x 316 160 1
x 317 160 1
x 318 160 1
x 319 160 1
x 320 160 1
x 321 160 1
x 322 160 1
x 323 160 1
x 324 160 1
x 325 167 1
x 327 167 1
x 328 167 1
x 329 167 1
x 330 167 1
x 331 167 1
x 332 167 1
x 333 167 1
x 334 167 1
x 335 167 1
x 336 167 1
x 337 167 1
x 338 167 1
x 339 167 1
x 340 167 1
x 341 167 1
x 342 182 1
x 343 182 1
x 344 182 1
x 345 182 1
x 346 182 1
x 347 182 1
x 348 182 1
x 349 182 1
x 350 182 1
x 351 182 1
x 352 182 1
x 353 182 1
x 354 182 1
x 355 182 1
x 356 182 1
x 357 182 1
x 358 182 1
x 359 182 1
x 360 182 1
x 361 182 1
x 362 182 1
x 363 182 1
x 364 220 1
x 365 220 1
x 366 220 1
x 367 220 1
x 368 220 1
x 369 220 1
x 370 220 1
x 371 220 1
x 372 220 1
x 373 220 1
x 374 229 1
x 375 229 1
x 376 229 1
x 377 229 1
x 378 229 1
x 379 229 1
x 380 229 1
x 381 229 1
x 382 229 1
x 383 243 1
x 384 243 1
x 385 243 1
x 386 243 1
x 387 243 1
x 388 248 1
x 389 248 1
x 390 248 1
x 391 248 1
x 392 248 1
x 393 248 1
x 394 248 1
x 395 248 1
x 396 248 1
x 397 248 1
x 398 237 1
x 399 237 1
x 400 237 1
x 401 237 1
x 402 40 1
x 403 38 1
x 404 34 1
x 405 34 1
x 406 127 1
x 407 127 1
x 408 127 1
x 409 127 1
x 410 127 1
x 411 127 1
x 412 127 1
x 413 127 1
x 414 123 1
x 415 34 1
x 416 218 1
x 417 234 1
x 418 216 1
x 420 219 1
x 425 233 1
x 429 7 1
x 430 4 1
x 431 4 1
x 432 9 1
x 433 7 1
x 434 14 1
x 435 47 1
x 436 47 1
x 437 47 1
x 438 20 1
x 439 20 1
x 440 20 1
x 441 20 1
x 442 20 1
x 443 20 1
x 444 20 1
x 445 20 1
x 446 20 1
x 447 20 1
x 448 20 1
x 449 20 1
x 450 20 1
x 451 20 1
x 452 20 1
x 454 20 1
x 455 20 1
x 456 20 1
x 457 20 1
x 458 20 1
x 459 20 1
x 460 20 1
x 461 9 1
x 462 30 1
x 463 30 1
x 464 127 1
x 465 127 1
x 466 127 1
x 467 127 1
x 468 127 1
x 469 127 1
x 470 127 1
x 471 127 1
x 472 127 1
x 473 127 1
x 474 127 1
x 475 113 1
x 476 127 1
x 477 127 1
x 478 127 1
x 479 127 1
x 480 127 1
x 481 127 1
x 482 127 1
x 483 127 1
x 484 127 1
x 485 127 1
x 486 112 1
x 487 3 1
x 488 6 1
x 489 2 1
x 490 7 1
x 491 126 1
x 492 126 1
x 493 126 1
x 494 30 1
x 495 30 1
x 496 4 1
x 497 20 1
x 498 67 1
x 499 67 1
x 500 67 1
x 501 67 1
x 502 67 1
x 503 67 1
x 504 67 1
x 505 67 1
x 506 67 1
x 507 67 1
x 508 67 1
x 509 67 1
x 510 67 1
x 511 67 1
x 512 67 1
x 513 67 1
x 514 67 1
x 515 67 1
x 516 67 1
x 517 67 1
x 518 67 1
x 519 67 1
x 520 67 1
x 521 67 1
x 522 67 1
x 523 67 1
x 524 67 1
x 525 67 1
x 526 67 1
x 527 67 1
x 528 67 1
x 529 67 1
x 530 67 1
x 531 67 1
x 532 67 1
x 533 67 1
x 534 67 1
x 535 67 1
x 536 67 1
x 537 67 1
x 538 67 1
x 539 67 1
x 540 67 1
x 541 67 1
x 542 67 1
x 543 67 1
x 544 67 1
x 545 67 1
x 546 144 1
x 547 47 1
x 548 47 1
x 549 64 1
x 550 119 1
x 551 119 1
x 552 119 1
x 553 119 1
x 554 119 1
x 555 119 1
x 556 119 1
x 557 119 1
x 558 67 1
x 559 67 1
x 560 237 1
x 561 237 1
x 562 237 1
x 563 237 1
x 564 237 1
x 565 237 1
x 566 237 1
x 567 160 1
x 568 160 1
x 569 160 1
x 570 160 1
x 571 160 1
x 572 160 1
x 573 160 1
x 574 160 1
x 575 160 1
x 576 160 1
x 577 160 1
x 578 160 1
x 579 182 1
x 580 182 1
x 581 182 1
x 582 182 1
x 583 182 1
x 584 182 1
x 585 182 1
x 586 182 1
x 587 182 1
x 588 182 1
x 589 182 1
x 590 182 1
x 591 182 1
x 592 182 1
x 593 182 1
x 594 207 1
x 595 207 1
x 596 207 1
x 597 207 1
x 598 207 1
x 599 207 1
# --- z[k]: crew activation indicator ---
z 0 1
z 1 0
z 2 1
z 3 1
z 4 1
z 5 0
z 6 1
z 7 1
z 8 0
z 9 1
z 10 0
z 11 0
z 12 0
z 13 0
z 14 1
z 15 0
z 16 0
z 17 0
z 18 1
z 19 0
z 20 1
z 21 0
z 22 0
z 23 0
z 24 0
z 25 0
z 26 0
z 27 0
z 28 0
z 29 0
z 30 1
z 31 0
z 32 0
z 33 0
z 34 1
z 35 0
z 36 1
z 37 0
z 38 1
z 39 0
z 40 1
z 41 0
z 42 0
z 43 0
z 44 0
z 45 0
z 46 1
z 47 1
z 48 0
z 49 0
z 50 0
z 51 0
z 52 1
z 53 0
z 54 0
z 55 0
z 56 0
z 57 0
z 58 0
z 59 0
z 60 1
z 61 0
z 62 0
z 63 1
z 64 1
z 65 1
z 66 0
z 67 1
z 68 0
z 69 0
z 70 0
z 71 0
z 72 0
z 73 0
z 74 0
z 75 0
z 76 0
z 77 0
z 78 0
z 79 0
z 80 0
z 81 0
z 82 0
z 83 0
z 84 0
z 85 0
z 86 0
z 87 0
z 88 0
z 89 0
z 90 0
z 91 0
z 92 0
z 93 0
z 94 0
z 95 0
z 96 0
z 97 0
z 98 0
z 99 0
z 100 0
z 101 0
z 102 0
z 103 0
z 104 0
z 105 0
z 106 0
z 107 0
z 108 0
z 109 0
z 110 0
z 111 0
z 112 1
z 113 1
z 114 0
z 115 1
z 116 1
z 117 0
z 118 1
z 119 1
z 120 0
z 121 0
z 122 0
z 123 1
z 124 0
z 125 0
z 126 1
z 127 1
z 128 0
z 129 0
z 130 0
z 131 0
z 132 0
z 133 0
z 134 0
z 135 0
z 136 0
z 137 0
z 138 0
z 139 0
z 140 0
z 141 0
z 142 0
z 143 0
z 144 1
z 145 0
z 146 0
z 147 0
z 148 0
z 149 0
z 150 0
z 151 0
z 152 0
z 153 0
z 154 0
z 155 0
z 156 0
z 157 0
z 158 0
z 159 0
z 160 1
z 161 0
z 162 0
z 163 0
z 164 0
z 165 0
z 166 0
z 167 1
z 168 0
z 169 0
z 170 0
z 171 0
z 172 0
z 173 0
z 174 0
z 175 0
z 176 0
z 177 0
z 178 0
z 179 0
z 180 0
z 181 0
z 182 1
z 183 0
z 184 0
z 185 0
z 186 0
z 187 0
z 188 0
z 189 0
z 190 0
z 191 0
z 192 0
z 193 0
z 194 0
z 195 0
z 196 0
z 197 0
z 198 0
z 199 0
z 200 0
z 201 0
z 202 0
z 203 0
z 204 0
z 205 0
z 206 0
z 207 1
z 208 0
z 209 0
z 210 0
z 211 0
z 212 0
z 213 0
z 214 0
z 215 0
z 216 1
z 217 0
z 218 1
z 219 1
z 220 1
z 221 0
z 222 0
z 223 0
z 224 0
z 225 0
z 226 0
z 227 0
z 228 0
z 229 1
z 230 0
z 231 0
z 232 0
z 233 1
z 234 1
z 235 0
z 236 0
z 237 1
z 238 0
z 239 0
z 240 0
z 241 0
z 242 0
z 243 1
z 244 0
z 245 0
z 246 0
z 247 0
z 248 1
z 249 0
z 250 0
z 251 0
z 252 0
z 253 0
z 254 0
z 255 0
# --- t[i]: scheduled start time ---
t 0 280.0000
t 1 0.0000
t 2 0.0000
t 3 0.0000
t 4 0.0000
t 5 0.0000
t 6 0.0000
t 7 72.0001
t 8 72.0001
t 9 4.0000
t 10 0.0000
t 11 72.0001
t 12 94.5000
t 13 6.0000
t 14 0.0000
t 15 0.0000
t 16 644.5000
t 17 103.2000
t 18 0.0000
t 19 0.0000
t 20 120.0001
t 21 120.0001
t 22 0.0000
t 23 0.0000
t 24 0.0000
t 25 120.0001
t 26 0.0000
t 27 7.2000
t 28 0.0000
t 29 1.0000
t 30 0.0000
t 31 0.0000
t 32 0.0000
t 33 0.0000
t 34 164.0000
t 35 0.0000
t 36 0.0000
t 37 96.0001
t 38 0.0000
t 39 0.0000
t 40 64.8000
t 41 64.8000
t 42 0.0000
t 43 64.8000
t 44 0.0000
t 45 64.8000
t 46 0.0000
t 47 12.8000
t 48 64.8000
t 49 0.0000
t 50 0.0000
t 51 0.0000
t 52 0.0000
t 53 0.0000
t 54 0.0000
t 55 0.0000
t 56 0.0000
t 57 0.0000
t 58 0.0000
t 59 0.0000
t 60 0.0000
t 61 0.0000
t 62 64.8000
t 63 0.0000
t 64 0.0000
t 65 60.8000
t 66 0.0000
t 67 0.0000
t 68 0.0000
t 69 0.0000
t 70 0.0000
t 71 0.0000
t 72 0.0000
t 73 0.0000
t 74 0.0000
t 75 0.0000
t 76 64.8000
t 77 0.0000
t 78 0.0000
t 79 54.4000
t 80 0.0000
t 81 0.0000
t 82 64.8000
t 83 0.0000
t 84 0.0000
t 85 0.0000
t 86 0.0000
t 87 0.0000
t 88 0.0000
t 89 0.0000
t 90 0.0000
t 91 0.0000
t 92 0.0000
t 93 0.0000
t 94 0.0000
t 95 0.0000
t 96 0.0000
t 97 0.0000
t 98 0.0000
t 99 0.0000
t 100 0.0000
t 101 0.0000
t 102 0.0000
t 103 0.0000
t 104 0.0000
t 105 0.0000
t 106 28.8000
t 107 0.0000
t 108 0.0000
t 109 0.0000
t 110 0.0000
t 111 0.0000
t 112 0.0000
t 113 0.0000
t 114 64.8000
t 115 0.0000
t 116 64.8000
t 117 0.0000
t 118 64.8000
t 119 16.0000
t 120 0.0000
t 121 64.8000
t 122 48.0001
t 123 22.4000
t 124 0.0000
t 125 0.0000
t 126 0.0000
t 127 0.0000
t 128 0.0000
t 129 0.0000
t 130 0.0000
t 131 6.4000
t 132 0.0000
t 133 64.8000
t 134 0.0000
t 135 0.0000
t 136 0.0000
t 137 0.0000
t 138 0.0000
t 139 0.0000
t 140 0.0000
t 141 0.0000
t 142 0.0000
t 143 0.0000
t 144 0.0000
t 145 0.0000
t 146 35.2000
t 147 0.0000
t 148 0.0000
t 149 22.2000
t 150 0.0000
t 151 0.0000
t 152 0.0000
t 153 0.0000
t 154 0.0000
t 155 0.0000
t 156 192.0001
t 157 0.0000
t 158 0.0000
t 159 0.0000
t 160 0.0000
t 161 0.0000
t 162 0.0000
t 163 0.0000
t 164 0.0000
t 165 0.0000
t 166 0.0000
t 167 0.0000
t 168 0.0000
t 169 18.8000
t 170 0.0000
t 171 280.0000
t 172 0.0000
t 173 263.0000
t 174 0.0000
t 175 166.5000
t 176 0.0000
t 177 55.6000
t 178 0.0000
t 179 12.4000
t 180 49.2000
t 181 22.8000
t 182 0.0000
t 183 29.2000
t 184 0.0000
t 185 0.0000
t 186 0.0000
t 187 0.0000
t 188 0.0000
t 189 0.0000
t 190 0.0000
t 191 0.0000
t 192 0.0000
t 193 0.0000
t 194 0.0000
t 195 0.0000
t 196 0.0000
t 197 0.0000
t 198 0.0000
t 199 0.0000
t 200 0.0000
t 201 0.0000
t 202 0.0000
t 203 0.0000
t 204 0.0000
t 205 0.0000
t 206 0.0000
t 207 64.8000
t 208 64.8000
t 209 64.8000
t 210 64.8000
t 211 64.8000
t 212 64.8000
t 213 64.8000
t 214 71.0000
t 215 64.8000
t 216 0.0000
t 217 96.0001
t 218 0.0000
t 219 162.0000
t 220 96.0001
t 221 96.0001
t 222 0.0000
t 223 0.0000
t 224 0.0000
t 225 0.0000
t 226 0.0000
t 227 0.0000
t 228 0.0000
t 229 0.0000
t 230 0.0000
t 231 0.0000
t 232 0.0000
t 233 0.0000
t 234 0.0000
t 235 0.0000
t 236 0.0000
t 237 0.0000
t 238 0.0000
t 239 0.0000
t 240 0.0000
t 241 6.4000
t 242 31.2000
t 243 0.0000
t 244 0.0000
t 245 0.0000
t 246 24.0000
t 247 24.0000
t 248 24.0000
t 249 321.9000
t 250 24.0000
t 251 225.9000
t 252 24.0000
t 253 321.9000
t 254 24.0000
t 255 321.9000
t 256 24.0000
t 257 321.9000
t 258 24.0000
t 259 69.6000
t 260 24.0000
t 261 333.0000
t 262 24.0000
t 263 24.0000
t 264 24.0000
t 265 24.0000
t 266 232.8000
t 267 24.0000
t 268 24.0000
t 269 24.0000
t 270 24.0000
t 271 24.0000
t 272 96.0001
t 273 96.0001
t 274 24.0000
t 275 96.0001
t 276 24.0000
t 277 24.0000
t 278 120.0001
t 279 96.0001
t 280 24.0000
t 281 96.0001
t 282 24.0000
t 283 24.0000
t 284 24.0000
t 285 24.0000
t 286 24.0000
t 287 24.0000
t 288 24.0000
t 289 31.2000
t 290 96.0001
t 291 24.0000
t 292 96.0001
t 293 96.0001
t 294 96.0001
t 295 96.0001
t 296 96.0001
t 297 96.0001
t 298 96.0001
t 299 96.0001
t 300 24.0000
t 301 120.0001
t 302 24.0000
t 303 64.0000
t 304 24.0000
t 305 24.0000
t 306 24.0000
t 307 24.0000
t 308 24.0000
t 309 24.0000
t 310 24.0000
t 311 24.0000
t 312 24.0000
t 313 24.0000
t 314 24.0000
t 315 24.0000
t 316 24.0000
t 317 24.0000
t 318 88.8000
t 319 24.0000
t 320 24.0000
t 321 24.0000
t 322 24.0000
t 323 24.0000
t 324 24.0000
t 325 88.8000
t 326 0.0000
t 327 24.0000
t 328 24.0000
t 329 24.0000
t 330 24.0000
t 331 24.0000
t 332 24.0000
t 333 24.0000
t 334 24.0000
t 335 24.0000
t 336 24.0000
t 337 24.0000
t 338 24.0000
t 339 24.0000
t 340 24.0000
t 341 24.0000
t 342 24.0000
t 343 24.0000
t 344 24.0000
t 345 24.0000
t 346 24.0000
t 347 24.0000
t 348 24.0000
t 349 24.0000
t 350 24.0000
t 351 24.0000
t 352 24.0000
t 353 88.8000
t 354 24.0000
t 355 24.0000
t 356 24.0000
t 357 24.0000
t 358 24.0000
t 359 41.6000
t 360 24.0000
t 361 24.0000
t 362 24.0000
t 363 24.0000
t 364 24.0000
t 365 31.2000
t 366 83.2000
t 367 31.2000
t 368 31.2000
t 369 24.0000
t 370 88.8000
t 371 24.0000
t 372 24.0000
t 373 24.0000
t 374 48.0001
t 375 48.0001
t 376 70.4000
t 377 48.0001
t 378 48.0001
t 379 48.0001
t 380 48.0001
t 381 88.8000
t 382 31.2000
t 383 24.0000
t 384 24.0000
t 385 24.0000
t 386 24.0000
t 387 89.6000
t 388 24.0000
t 389 76.8000
t 390 24.0000
t 391 24.0000
t 392 24.0000
t 393 24.0000
t 394 24.0000
t 395 24.0000
t 396 24.0000
t 397 24.0000
t 398 48.0000
t 399 24.0000
t 400 24.0000
t 401 88.8000
t 402 24.0000
t 403 24.0000
t 404 189.8000
t 405 41.0000
t 406 24.0000
t 407 24.0000
t 408 24.0000
t 409 191.4000
t 410 24.0000
t 411 191.4000
t 412 24.0000
t 413 24.0000
t 414 24.0000
t 415 24.0000
t 416 36.4000
t 417 76.8000
t 418 42.8000
t 419 0.0000
t 420 89.6000
t 421 0.0000
t 422 0.0000
t 423 0.0000
t 424 0.0000
t 425 83.2000
t 426 0.0000
t 427 0.0000
t 428 0.0000
t 429 48.0001
t 430 24.0000
t 431 24.0000
t 432 24.0000
t 433 24.0000
t 434 72.0001
t 435 236.0000
t 436 40.0000
t 437 24.0000
t 438 24.0000
t 439 24.0000
t 440 24.0000
t 441 24.0000
t 442 24.0000
t 443 24.0000
t 444 24.0000
t 445 24.0000
t 446 24.0000
t 447 40.8000
t 448 24.0000
t 449 24.0000
t 450 24.0000
t 451 24.0000
t 452 40.8000
t 453 0.0000
t 454 24.0000
t 455 24.0000
t 456 24.0000
t 457 40.8000
t 458 24.0000
t 459 24.0000
t 460 24.0000
t 461 24.0000
t 462 208.6000
t 463 24.0000
t 464 24.0000
t 465 24.0000
t 466 24.0000
t 467 24.0000
t 468 24.0000
t 469 24.0000
t 470 24.0000
t 471 24.0000
t 472 24.0000
t 473 191.4000
t 474 24.0000
t 475 24.0000
t 476 24.0000
t 477 24.0000
t 478 24.0000
t 479 24.0000
t 480 24.0000
t 481 24.0000
t 482 24.0000
t 483 24.0000
t 484 24.0000
t 485 24.0000
t 486 72.0001
t 487 24.0000
t 488 88.8000
t 489 24.0000
t 490 24.0000
t 491 184.8000
t 492 31.2000
t 493 24.0000
t 494 92.5000
t 495 24.0000
t 496 48.0000
t 497 48.0000
t 498 345.9000
t 499 48.0000
t 500 345.9000
t 501 48.0000
t 502 345.9000
t 503 48.0000
t 504 249.9000
t 505 48.0000
t 506 249.9000
t 507 48.0000
t 508 249.9000
t 509 48.0000
t 510 249.9000
t 511 48.0000
t 512 249.9000
t 513 48.0000
t 514 249.9000
t 515 48.0000
t 516 249.9000
t 517 48.0000
t 518 249.9000
t 519 48.0000
t 520 249.9000
t 521 48.0000
t 522 249.9000
t 523 48.0000
t 524 345.9000
t 525 48.0000
t 526 345.9000
t 527 48.0000
t 528 345.9000
t 529 48.0000
t 530 345.9000
t 531 48.0000
t 532 345.9000
t 533 48.0000
t 534 345.9000
t 535 48.0000
t 536 345.9000
t 537 48.0000
t 538 345.9000
t 539 48.0000
t 540 345.9000
t 541 331.8000
t 542 345.9000
t 543 48.0000
t 544 62.1000
t 545 48.0000
t 546 96.0001
t 547 120.0001
t 548 48.0000
t 549 48.0000
t 550 48.0000
t 551 118.0000
t 552 118.0000
t 553 70.0000
t 554 118.0000
t 555 48.0000
t 556 48.0000
t 557 48.0000
t 558 345.9000
t 559 48.0000
t 560 48.0000
t 561 48.0000
t 562 48.0000
t 563 48.0000
t 564 48.0000
t 565 113.6000
t 566 48.0000
t 567 48.0000
t 568 96.8000
t 569 48.0000
t 570 48.0000
t 571 48.0000
t 572 48.0000
t 573 112.8000
t 574 48.0000
t 575 112.8000
t 576 48.0000
t 577 48.0000
t 578 48.0000
t 579 48.0000
t 580 112.8000
t 581 48.0000
t 582 48.0000
t 583 112.8000
t 584 112.8000
t 585 48.0000
t 586 112.8000
t 587 112.8000
t 588 48.0000
t 589 48.0000
t 590 48.0000
t 591 48.0000
t 592 107.2000
t 593 48.0000
t 594 48.0000
t 595 48.0000
t 596 48.0000
t 597 48.0000
t 598 48.0000
t 599 48.0000
# --- delta[i1,i2]: machine ordering (only pairs with a value listed) ---
d 0 1 0
d 7 74 0
d 8 72 0
d 9 18 0
d 9 587 1
d 18 587 1
d 11 71 0
d 12 490 0
d 13 163 0
d 13 165 0
d 13 169 1
d 13 177 1
d 13 179 1
d 13 180 1
d 13 181 1
d 13 182 1
d 13 183 1
d 13 184 1
d 13 185 1
d 13 186 1
d 13 187 0
d 13 188 1
d 13 189 0
d 13 190 1
d 13 191 1
d 13 259 1
d 13 416 1
d 13 417 1
d 13 418 1
d 13 419 0
d 13 420 1
d 13 421 0
d 13 422 0
d 13 423 0
d 13 424 0
d 13 425 1
d 13 426 0
d 13 427 1
d 13 428 1
d 13 546 1
d 163 165 0
d 163 169 1
d 163 177 1
d 163 179 1
d 163 180 1
d 163 181 1
d 163 182 1
d 163 183 1
d 163 184 0
d 163 185 1
d 163 186 1
d 163 187 1
d 163 188 1
d 163 189 1
d 163 190 1
d 163 191 1
d 163 259 1
d 163 416 1
d 163 417 1
d 163 418 1
d 163 419 1
d 163 420 1
d 163 421 1
d 163 422 1
d 163 423 1
d 163 424 1
d 163 425 1
d 163 426 1
d 163 427 1
d 163 428 1
d 163 546 1
d 165 169 1
d 165 177 1
d 165 179 1
d 165 180 1
d 165 181 1
d 165 182 1
d 165 183 0
d 165 184 0
d 165 185 1
d 165 186 1
d 165 187 1
d 165 188 1
d 165 189 1
d 165 190 1
d 165 191 1
d 165 259 1
d 165 416 1
d 165 417 1
d 165 418 1
d 165 419 1
d 165 420 1
d 165 421 1
d 165 422 1
d 165 423 1
d 165 424 1
d 165 425 1
d 165 426 1
d 165 427 1
d 165 428 1
d 165 546 1
d 169 177 1
d 169 179 0
d 169 180 1
d 169 181 1
d 169 182 1
d 169 183 1
d 169 184 0
d 169 185 1
d 169 186 1
d 169 187 1
d 169 188 1
d 169 189 1
d 169 190 1
d 169 191 1
d 169 259 1
d 169 416 1
d 169 417 1
d 169 418 1
d 169 419 1
d 169 420 1
d 169 421 1
d 169 422 1
d 169 423 1
d 169 424 1
d 169 425 1
d 169 426 1
d 169 427 1
d 169 428 1
d 169 546 1
d 177 179 0
d 177 180 0
d 177 181 0
d 177 182 1
d 177 183 0
d 177 184 0
d 177 185 1
d 177 186 1
d 177 187 1
d 177 188 1
d 177 189 1
d 177 190 1
d 177 191 1
d 177 259 1
d 177 416 0
d 177 417 1
d 177 418 0
d 177 419 1
d 177 420 1
d 177 421 0
d 177 422 1
d 177 423 0
d 177 424 0
d 177 425 1
d 177 426 1
d 177 427 1
d 177 428 1
d 177 546 1
d 179 180 1
d 179 181 1
d 179 182 1
d 179 183 1
d 179 184 0
d 179 185 1
d 179 186 1
d 179 187 1
d 179 188 1
d 179 189 0
d 179 190 1
d 179 191 1
d 179 259 1
d 179 416 1
d 179 417 1
d 179 418 1
d 179 419 1
d 179 420 1
d 179 421 0
d 179 422 1
d 179 423 0
d 179 424 1
d 179 425 1
d 179 426 1
d 179 427 1
d 179 428 1
d 179 546 1
d 180 181 0
d 180 182 1
d 180 183 0
d 180 184 0
d 180 185 1
d 180 186 0
d 180 187 1
d 180 188 1
d 180 189 0
d 180 190 1
d 180 191 1
d 180 259 1
d 180 416 0
d 180 417 1
d 180 418 0
d 180 419 0
d 180 420 1
d 180 421 0
d 180 422 1
d 180 423 0
d 180 424 0
d 180 425 1
d 180 426 0
d 180 427 0
d 180 428 0
d 180 546 1
d 181 182 1
d 181 183 1
d 181 184 0
d 181 185 1
d 181 186 1
d 181 187 1
d 181 188 1
d 181 189 0
d 181 190 1
d 181 191 1
d 181 259 1
d 181 416 1
d 181 417 1
d 181 418 1
d 181 419 0
d 181 420 1
d 181 421 0
d 181 422 1
d 181 423 1
d 181 424 1
d 181 425 1
d 181 426 1
d 181 427 1
d 181 428 1
d 181 546 1
d 182 183 0
d 182 184 0
d 182 185 1
d 182 186 0
d 182 187 1
d 182 188 1
d 182 189 1
d 182 190 1
d 182 191 1
d 182 259 0
d 182 416 0
d 182 417 0
d 182 418 0
d 182 419 0
d 182 420 1
d 182 421 0
d 182 422 0
d 182 423 0
d 182 424 1
d 182 425 1
d 182 426 0
d 182 427 0
d 182 428 0
d 182 546 1
d 183 184 1
d 183 185 1
d 183 186 1
d 183 187 1
d 183 188 1
d 183 189 1
d 183 190 1
d 183 191 1
d 183 259 1
d 183 416 1
d 183 417 1
d 183 418 1
d 183 419 0
d 183 420 1
d 183 421 0
d 183 422 1
d 183 423 0
d 183 424 0
d 183 425 1
d 183 426 0
d 183 427 1
d 183 428 1
d 183 546 1
d 184 185 1
d 184 186 1
d 184 187 1
d 184 188 1
d 184 189 0
d 184 190 1
d 184 191 1
d 184 259 0
d 184 416 0
d 184 417 0
d 184 418 1
d 184 419 1
d 184 420 1
d 184 421 0
d 184 422 0
d 184 423 0
d 184 424 0
d 184 425 0
d 184 426 0
d 184 427 0
d 184 428 0
d 184 546 0
d 185 186 1
d 185 187 1
d 185 188 1
d 185 189 1
d 185 190 1
d 185 191 1
d 185 259 0
d 185 416 0
d 185 417 0
d 185 418 0
d 185 419 0
d 185 420 1
d 185 421 0
d 185 422 1
d 185 423 0
d 185 424 0
d 185 425 0
d 185 426 0
d 185 427 0
d 185 428 0
d 185 546 1
d 186 187 1
d 186 188 1
d 186 189 0
d 186 190 1
d 186 191 1
d 186 259 0
d 186 416 0
d 186 417 0
d 186 418 1
d 186 419 1
d 186 420 0
d 186 421 0
d 186 422 0
d 186 423 1
d 186 424 0
d 186 425 0
d 186 426 0
d 186 427 0
d 186 428 0
d 186 546 0
d 187 188 1
d 187 189 0
d 187 190 1
d 187 191 1
d 187 259 0
d 187 416 0
d 187 417 0
d 187 418 0
d 187 419 0
d 187 420 0
d 187 421 0
d 187 422 0
d 187 423 1
d 187 424 1
d 187 425 0
d 187 426 0
d 187 427 0
d 187 428 0
d 187 546 0
d 188 189 1
d 188 190 1
d 188 191 1
d 188 259 1
d 188 416 0
d 188 417 0
d 188 418 0
d 188 419 1
d 188 420 0
d 188 421 0
d 188 422 1
d 188 423 0
d 188 424 0
d 188 425 1
d 188 426 0
d 188 427 0
d 188 428 0
d 188 546 0
d 189 190 1
d 189 191 1
d 189 259 0
d 189 416 0
d 189 417 0
d 189 418 0
d 189 419 0
d 189 420 0
d 189 421 0
d 189 422 0
d 189 423 0
d 189 424 1
d 189 425 1
d 189 426 1
d 189 427 0
d 189 428 0
d 189 546 0
d 190 191 1
d 190 259 1
d 190 416 0
d 190 417 0
d 190 418 0
d 190 419 0
d 190 420 0
d 190 421 0
d 190 422 0
d 190 423 1
d 190 424 1
d 190 425 1
d 190 426 0
d 190 427 0
d 190 428 1
d 190 546 0
d 191 259 1
d 191 416 0
d 191 417 0
d 191 418 0
d 191 419 0
d 191 420 0
d 191 421 1
d 191 422 0
d 191 423 1
d 191 424 1
d 191 425 1
d 191 426 0
d 191 427 0
d 191 428 0
d 191 546 1
d 259 416 0
d 259 417 1
d 259 418 0
d 259 419 1
d 259 420 1
d 259 421 1
d 259 422 1
d 259 423 0
d 259 424 1
d 259 425 1
d 259 426 0
d 259 427 0
d 259 428 0
d 259 546 1
d 416 417 1
d 416 418 1
d 416 419 1
d 416 420 1
d 416 421 1
d 416 422 1
d 416 423 1
d 416 424 0
d 416 425 1
d 416 426 1
d 416 427 1
d 416 428 1
d 416 546 1
d 417 418 0
d 417 419 1
d 417 420 1
d 417 421 1
d 417 422 1
d 417 423 1
d 417 424 1
d 417 425 1
d 417 426 1
d 417 427 0
d 417 428 0
d 417 546 1
d 418 419 1
d 418 420 1
d 418 421 1
d 418 422 1
d 418 423 1
d 418 424 1
d 418 425 1
d 418 426 1
d 418 427 1
d 418 428 1
d 418 546 1
d 419 420 0
d 419 421 1
d 419 422 0
d 419 423 0
d 419 424 0
d 419 425 0
d 419 426 0
d 419 427 0
d 419 428 0
d 419 546 0
d 420 421 0
d 420 422 0
d 420 423 1
d 420 424 0
d 420 425 0
d 420 426 0
d 420 427 1
d 420 428 0
d 420 546 1
d 421 422 0
d 421 423 0
d 421 424 1
d 421 425 0
d 421 426 1
d 421 427 0
d 421 428 1
d 421 546 0
d 422 423 1
d 422 424 1
d 422 425 1
d 422 426 1
d 422 427 0
d 422 428 1
d 422 546 0
d 423 424 1
d 423 425 1
d 423 426 0
d 423 427 0
d 423 428 0
d 423 546 0
d 424 425 0
d 424 426 0
d 424 427 0
d 424 428 0
d 424 546 0
d 425 426 0
d 425 427 1
d 425 428 0
d 425 546 1
d 426 427 0
d 426 428 0
d 426 546 0
d 427 428 0
d 427 546 0
d 428 546 1
d 14 15 0
d 14 16 1
d 14 17 1
d 14 47 0
d 14 65 1
d 14 79 1
d 14 106 0
d 14 119 0
d 14 123 0
d 14 131 0
d 14 134 0
d 14 146 0
d 14 196 0
d 14 303 1
d 14 326 1
d 14 359 0
d 14 366 0
d 14 376 1
d 14 387 1
d 14 389 1
d 14 398 1
d 14 453 0
d 14 565 1
d 14 568 0
d 14 592 1
d 15 16 1
d 15 17 1
d 15 47 0
d 15 65 1
d 15 79 1
d 15 106 1
d 15 119 1
d 15 123 1
d 15 131 1
d 15 134 1
d 15 146 1
d 15 196 0
d 15 303 1
d 15 326 1
d 15 359 0
d 15 366 1
d 15 376 1
d 15 387 1
d 15 389 1
d 15 398 1
d 15 453 1
d 15 565 1
d 15 568 1
d 15 592 1
d 16 17 0
d 16 47 0
d 16 65 0
d 16 79 0
d 16 106 0
d 16 119 0
d 16 123 0
d 16 131 0
d 16 134 0
d 16 146 0
d 16 196 0
d 16 303 0
d 16 326 0
d 16 359 0
d 16 366 0
d 16 376 0
d 16 387 0
d 16 389 0
d 16 398 0
d 16 453 0
d 16 565 0
d 16 568 0
d 16 592 0
d 17 47 0
d 17 65 0
d 17 79 0
d 17 106 0
d 17 119 0
d 17 123 0
d 17 131 0
d 17 134 0
d 17 146 0
d 17 196 0
d 17 303 0
d 17 326 0
d 17 359 0
d 17 366 0
d 17 376 0
d 17 387 0
d 17 389 0
d 17 398 0
d 17 453 0
d 17 565 1
d 17 568 0
d 17 592 1
d 47 65 1
d 47 79 1
d 47 106 1
d 47 119 1
d 47 123 1
d 47 131 0
d 47 134 0
d 47 146 1
d 47 196 0
d 47 303 1
d 47 326 1
d 47 359 1
d 47 366 1
d 47 376 1
d 47 387 1
d 47 389 1
d 47 398 1
d 47 453 1
d 47 565 1
d 47 568 1
d 47 592 1
d 65 79 0
d 65 106 0
d 65 119 0
d 65 123 0
d 65 131 0
d 65 134 0
d 65 146 0
d 65 196 0
d 65 303 1
d 65 326 1
d 65 359 0
d 65 366 1
d 65 376 1
d 65 387 1
d 65 389 1
d 65 398 0
d 65 453 0
d 65 565 1
d 65 568 1
d 65 592 1
d 79 106 0
d 79 119 0
d 79 123 0
d 79 131 0
d 79 134 0
d 79 146 0
d 79 196 0
d 79 303 1
d 79 326 1
d 79 359 0
d 79 366 1
d 79 376 1
d 79 387 1
d 79 389 1
d 79 398 0
d 79 453 1
d 79 565 1
d 79 568 1
d 79 592 1
d 106 119 0
d 106 123 0
d 106 131 0
d 106 134 0
d 106 146 1
d 106 196 0
d 106 303 1
d 106 326 1
d 106 359 1
d 106 366 1
d 106 376 1
d 106 387 1
d 106 389 1
d 106 398 1
d 106 453 0
d 106 565 1
d 106 568 1
d 106 592 1
d 119 123 1
d 119 131 0
d 119 134 0
d 119 146 1
d 119 196 0
d 119 303 1
d 119 326 1
d 119 359 1
d 119 366 1
d 119 376 1
d 119 387 1
d 119 389 1
d 119 398 1
d 119 453 1
d 119 565 1
d 119 568 1
d 119 592 1
d 123 131 0
d 123 134 0
d 123 146 1
d 123 196 0
d 123 303 1
d 123 326 1
d 123 359 1
d 123 366 1
d 123 376 1
d 123 387 1
d 123 389 1
d 123 398 1
d 123 453 0
d 123 565 1
d 123 568 1
d 123 592 1
d 131 134 0
d 131 146 1
d 131 196 0
d 131 303 1
d 131 326 1
d 131 359 1
d 131 366 1
d 131 376 1
d 131 387 1
d 131 389 1
d 131 398 1
d 131 453 1
d 131 565 1
d 131 568 1
d 131 592 1
d 134 146 1
d 134 196 0
d 134 303 1
d 134 326 1
d 134 359 1
d 134 366 1
d 134 376 1
d 134 387 1
d 134 389 1
d 134 398 1
d 134 453 1
d 134 565 1
d 134 568 1
d 134 592 1
d 146 196 0
d 146 303 1
d 146 326 1
d 146 359 1
d 146 366 1
d 146 376 1
d 146 387 1
d 146 389 1
d 146 398 1
d 146 453 1
d 146 565 1
d 146 568 1
d 146 592 1
d 196 303 0
d 196 326 0
d 196 359 0
d 196 366 0
d 196 376 0
d 196 387 0
d 196 389 0
d 196 398 0
d 196 453 0
d 196 565 0
d 196 568 0
d 196 592 0
d 303 326 1
d 303 359 0
d 303 366 1
d 303 376 1
d 303 387 1
d 303 389 1
d 303 398 0
d 303 453 0
d 303 565 1
d 303 568 1
d 303 592 1
d 326 359 0
d 326 366 0
d 326 376 0
d 326 387 1
d 326 389 0
d 326 398 0
d 326 453 0
d 326 565 1
d 326 568 1
d 326 592 1
d 359 366 1
d 359 376 1
d 359 387 1
d 359 389 1
d 359 398 1
d 359 453 0
d 359 565 1
d 359 568 1
d 359 592 1
d 366 376 0
d 366 387 1
d 366 389 0
d 366 398 0
d 366 453 0
d 366 565 1
d 366 568 1
d 366 592 1
d 376 387 1
d 376 389 1
d 376 398 0
d 376 453 0
d 376 565 1
d 376 568 1
d 376 592 1
d 387 389 0
d 387 398 0
d 387 453 0
d 387 565 1
d 387 568 1
d 387 592 1
d 389 398 0
d 389 453 0
d 389 565 1
d 389 568 1
d 389 592 1
d 398 453 0
d 398 565 1
d 398 568 1
d 398 592 1
d 453 565 1
d 453 568 1
d 453 592 1
d 565 568 0
d 565 592 0
d 568 592 1
d 19 584 1
d 20 585 0
d 21 581 0
d 22 580 1
d 23 583 1
d 24 575 1
d 25 578 0
d 26 573 1
d 27 244 0
d 27 401 1
d 244 401 1
d 29 30 0
d 29 118 1
d 30 118 1
d 34 300 0
d 37 382 0
d 37 438 0
d 382 438 0
d 40 594 0
d 41 595 0
d 43 598 0
d 45 599 0
d 48 597 0
d 49 278 1
d 49 596 1
d 278 596 0
d 62 68 0
d 66 76 1
d 82 269 0
d 114 548 0
d 116 365 0
d 116 459 0
d 365 459 0
d 120 447 1
d 121 449 0
d 121 550 0
d 449 550 1
d 122 458 0
d 124 452 1
d 133 497 0
d 149 150 0
d 155 409 1
d 156 158 0
d 156 410 0
d 158 410 1
d 171 404 0
d 171 405 0
d 171 415 0
d 404 405 0
d 404 415 0
d 405 415 0
d 173 174 0
d 175 176 0
d 193 429 1
d 201 217 0
d 201 371 0
d 217 371 0
d 202 218 0
d 202 370 0
d 218 370 1
d 203 219 0
d 203 230 0
d 203 373 0
d 219 230 0
d 219 373 0
d 230 373 1
d 204 220 0
d 204 364 0
d 220 364 0
d 205 372 0
d 206 221 0
d 206 369 0
d 221 369 0
d 207 466 0
d 208 464 0
d 209 469 0
d 210 470 0
d 211 472 0
d 212 468 0
d 213 471 0
d 214 467 0
d 215 465 0
d 241 243 0
d 241 457 1
d 241 551 1
d 243 457 1
d 243 551 1
d 457 551 1
d 242 445 0
d 242 552 1
d 445 552 1
d 249 250 0
d 251 252 0
d 253 254 0
d 255 256 0
d 257 258 0
d 261 262 0
d 266 267 0
d 268 586 1
d 272 327 0
d 273 329 0
d 274 325 1
d 275 328 0
d 279 343 0
d 281 360 0
d 282 353 1
d 289 381 1
d 289 448 0
d 381 448 0
d 290 316 0
d 291 318 1
d 292 319 0
d 293 320 0
d 294 324 0
d 295 312 0
d 296 311 0
d 297 307 0
d 298 306 0
d 299 302 0
d 301 368 0
d 301 443 0
d 301 554 0
d 368 443 0
d 368 554 1
d 443 554 1
d 367 444 0
d 367 553 1
d 444 553 1
d 374 455 0
d 375 446 0
d 377 460 0
d 378 454 0
d 379 451 0
d 380 439 0
d 403 411 1
d 430 434 1
d 435 436 0
d 435 437 0
d 436 437 0
d 441 556 1
d 442 555 1
d 462 463 0
d 473 474 0
d 486 487 0
d 488 489 0
d 491 492 0
d 491 493 0
d 492 493 0
d 494 495 0
d 498 499 0
d 500 501 0
d 502 503 0
d 504 505 0
d 506 507 0
d 508 509 0
d 510 511 0
d 512 513 0
d 514 515 0
d 516 517 0
d 518 519 0
d 520 521 0
d 522 523 0
d 524 525 0
d 526 527 0
d 528 529 0
d 530 531 0
d 532 533 0
d 534 535 0
d 536 537 0
d 538 539 0
d 540 541 0
d 540 544 0
d 540 545 0
d 541 544 0
d 541 545 0
d 544 545 0
d 542 543 0
d 547 560 0
d 558 559 0
