179 300 158

1 29 1693 0 72 7.2 288
2 28 1107 0 168 1 40
3 28 605 0 24 7.2 216
4 28 478 0 24 1 30
5 28 604 0 24 1 30
6 28 1442 0 24 1 40
7 28 462 0 24 1 30
8 28 471 0 24 1 40
9 28 1367 0 24 12.8 256
10 28 493 0 24 7.2 288
11 28 604 0 24 7.2 216
12 28 1444 0 24 1 40
13 28 1441 0 24 1 40
14 28 605 0 24 1 30
15 28 1443 0 24 1 40
16 28 508 0 24 7.2 216
17 28 1472 0 528 7.2 288
18 28 1474 0 528 7.2 288
19 28 1473 0 528 7.2 288
20 28 623 0 528 7.2 216
21 28 624 0 528 7.2 216
22 28 1471 0 528 7.2 288
23 28 1367 0 528 12.8 256
24 28 1476 0 528 7.2 288
25 28 1477 0 528 7.2 288
26 28 1478 0 528 7.2 288
27 28 1479 0 528 7.2 288
28 28 1480 0 528 7.2 288
29 28 1475 0 528 7.2 288
30 28 1470 0 528 7.2 288
31 28 377 0 24 1 30
32 28 490 0 24 1 30
33 28 1367 0 24 8 160
34 28 491 0 24 1 30
35 28 378 0 24 1 30
36 28 315 0 24 1 30
37 28 379 0 24 1 30
38 28 1164 0 24 7.2 288
39 28 316 0 24 1 30
40 28 1165 0 24 7.2 288
41 28 492 0 24 1 30
42 28 1592 0 24 7.2 288
43 28 1593 0 24 7.2 288
44 28 1547 0 24 1 30
45 28 1367 0 24 4.6 92
46 28 1545 0 24 1 30
47 28 1546 0 24 1 30
48 28 1544 0 24 1 30
49 28 1367 0 432 4.6 92
50 18 1164 0 168 7.2 288
51 18 1417 0 168 7.2 288
52 7 1813 0 72 7.2 72
53 7 1814 0 72 7.2 72
54 7 1815 0 72 7.2 72
55 7 1816 0 72 7.2 72
56 7 1818 0 72 7.2 72
57 7 1819 0 72 7.2 72
58 7 1820 0 72 7.2 72
59 7 1817 0 72 7.2 72
60 20 44 0 168 3 60
61 20 87 0 168 7.2 144
62 28 645 0 72 7.2 216
63 28 622 0 168 1.3 39
64 28 622 0 168 0.3 9
65 22 716 0 120 7 210
66 22 722 0 264 7 210
67 22 630 0 312 8.5 255
68 21 1634 0 264 12.8 384
69 21 1636 0 264 12.8 384
70 16 1714 0 432 14.5 145
71 16 1714 0 432 14.5 145
72 24 471 0 72 12.8 512
73 22 648 0 120 12.8 384
74 22 648 0 120 12.8 384
75 22 780 0 264 6.4 192
76 22 780 0 264 12.8 384
77 27 1190 0 648 4.5 135
78 27 1190 0 648 4.5 135
79 7 1775 0 72 7.2 216
80 7 1787 0 72 7.2 216
81 7 1789 0 72 7.2 216
82 7 1790 0 72 7.2 216
83 7 1783 0 72 7.2 144
84 10 102 0 216 1.5 30
85 10 102 0 216 1.5 30
86 16 1367 0 360 2 40
87 16 1367 0 360 2 40
88 33 1272 0 72 6.4 64
89 34 634 0 24 6.4 64
90 35 670 0 24 6.4 64
91 32 239 0 24 6.4 64
92 31 613 0 48 6.4 64
93 16 1367 0 360 8 160
94 16 1367 0 360 8 160
95 16 1367 0 360 8 160
96 6 1853 0 288 7.2 216
97 4 1772 0 144 0.8 24
98 28 469 0 72 2 60
99 28 485 0 72 2 60
100 28 370 0 72 2 40
101 28 486 0 24 1 40
102 28 494 0 24 1 30
103 28 495 0 24 2 80
104 17 517 0 648 7.2 216
105 17 518 0 648 7.2 216
106 17 519 0 648 7.2 216
107 17 338 0 648 7.2 216
108 36 1367 0 72 6.4 128
109 22 664 0 168 7.2 288
110 22 1312 0 168 7.2 288
111 22 1313 0 168 7.2 288
112 22 991 0 168 7.2 144
113 22 992 0 168 7.2 144
114 22 991 0 168 7.2 144
115 22 992 0 168 7.2 144
116 22 788 0 168 7.2 144
117 22 797 0 168 7.2 144
118 22 881 0 168 7.2 144
119 22 790 0 168 7.2 144
120 22 665 0 168 7.2 216
121 22 666 0 168 7.2 216
122 22 667 0 168 7.2 216
123 22 668 0 168 7.2 216
124 26 1514 0 72 7.2 288
125 21 655 0 168 7.2 216
126 26 889 0 168 7.2 216
127 26 890 0 168 7.2 216
128 26 891 0 168 7.2 216
129 26 1490 0 288 7.2 216
130 28 1514 0 0 7.2 288
131 28 1515 0 0 7.2 288
132 28 1516 0 0 7.2 288
133 28 1517 0 0 7.2 288
134 28 1518 0 0 7.2 288
135 28 1519 0 0 7.2 288
136 27 1231 0 432 6.4 192
137 27 1231 0 432 6.4 192
138 28 1606 0 24 0.6 18
139 28 1607 0 24 0.6 18
140 28 462 0 24 1 30
141 18 1704 0 216 7.2 144
142 18 1704 0 216 7.2 144
143 18 1704 0 216 7.2 144
144 18 1704 0 216 7.2 144
145 18 1704 0 216 7.2 144
146 5 1873 0 48 7.2 72
147 26 949 0 72 7.2 72
148 37 531 0 72 7.2 72
149 17 1165 0 168 7.2 288
150 18 1412 24 192 7.2 288
151 18 1412 24 192 7.2 288
152 18 1164 24 192 7.2 288
153 18 1165 24 192 7.2 288
154 18 611 24 192 7.2 288
155 18 1413 24 192 7.2 288
156 18 1592 24 192 7.2 288
157 18 1592 24 192 7.2 288
158 17 1367 24 456 8 160
159 17 788 24 456 2 60
160 17 793 24 456 2 60
161 17 1104 24 312 2 60
162 17 1075 24 312 2 60
163 17 617 24 312 4 120
164 17 1140 24 312 4 120
165 2 1367 24 72 7 140
166 2 1367 24 144 6.4 128
167 3 1367 24 72 6.4 128
168 2 612 24 96 3 120
169 7 1823 24 96 7.2 72
170 7 1812 24 96 7.2 72
171 7 1822 24 96 7.2 72
172 7 1824 24 96 7.2 72
173 9 149 24 240 0.8 24
174 19 815 24 192 2 80
175 19 825 24 192 2 80
176 19 802 24 336 2 60
177 19 549 24 456 0.5 10
178 19 552 24 336 0.8 32
179 19 605 24 96 2 60
180 28 1595 24 192 7.2 216
181 28 1594 24 192 7.2 216
182 28 1596 24 192 7.2 216
183 22 739 24 288 7 210
184 21 1635 24 288 12.8 384
185 23 1592 24 312 12.8 512
186 23 611 24 192 6.4 256
187 23 611 24 192 12.8 512
188 23 1592 24 192 6.4 256
189 23 1592 24 192 12.8 512
190 23 1593 24 192 6.4 256
191 23 1593 24 192 12.8 512
192 23 1592 24 312 4 160
193 23 1592 24 96 12.8 512
194 23 612 24 192 4 160
195 24 325 24 336 6.4 192
196 24 325 24 336 6.4 192
197 25 641 24 312 6.4 192
198 25 641 24 312 6.4 192
199 24 326 24 168 6.4 192
200 24 326 24 168 12.8 384
201 23 1559 24 192 4 120
202 23 1559 24 192 4 120
203 23 1560 24 192 4 120
204 23 1560 24 192 4 120
205 23 1593 24 96 6.4 256
206 23 1593 24 96 12.8 512
207 23 1592 24 96 1 40
208 23 1592 24 96 16 640
209 23 1592 24 96 12.8 512
210 23 1593 24 96 12.8 512
211 23 1593 24 96 5.7 228
212 23 1592 24 192 6.4 256
213 23 1592 24 192 6.4 256
214 23 1593 24 312 6.4 256
215 23 1593 24 312 6.4 256
216 23 605 24 96 4 120
217 23 605 24 96 6.4 192
218 23 605 24 96 6.4 192
219 22 783 24 288 6.4 192
220 22 783 24 288 25.6 768
221 1 1802 24 888 0.6 12
222 1 1803 24 888 0.6 12
223 1 1804 24 888 0.6 12
224 33 787 24 96 6.4 64
225 32 239 24 48 6.4 64
226 31 613 24 72 6.4 64
227 30 531 24 96 6.4 64
228 1 1798 24 888 7.2 72
229 24 508 24 192 4 120
230 24 508 24 192 16 480
231 6 1840 24 168 7.2 216
232 36 1367 24 96 6.4 128
233 26 1514 24 192 7.2 288
234 26 1515 24 192 7.2 288
235 26 1515 24 96 7.2 288
236 26 1517 24 96 7.2 288
237 21 1314 24 192 7.2 288
238 21 1315 24 192 7.2 288
239 21 662 24 192 7.2 288
240 21 658 24 192 7.2 216
241 26 1491 24 312 7.2 216
242 28 867 24 120 7.2 144
243 28 869 24 120 7.2 144
244 28 868 24 120 7.2 144
245 28 912 24 120 7.2 216
246 28 423 24 120 7.2 216
247 27 420 24 192 6.4 192
248 27 420 24 192 6.4 192
249 27 421 24 192 6.4 192
250 27 421 24 192 6.4 192
251 27 580 24 240 6.4 256
252 27 580 24 240 6.4 256
253 27 1684 24 240 6.4 256
254 27 1684 24 240 6.4 256
255 19 486 24 240 7.2 288
256 19 494 24 240 7.2 216
257 19 487 24 240 7.2 216
258 19 488 24 240 7.2 216
259 14 113 24 168 7.2 72
260 15 113 24 168 7.2 72
261 13 113 24 168 7.2 72
262 8 113 24 168 7.2 72
263 9 113 24 168 7.2 72
264 11 113 24 168 7.2 72
265 12 113 24 168 7.2 72
266 25 1367 24 96 7.2 144
267 25 1367 24 96 7.2 144
268 25 1367 24 96 7.2 144
269 18 1707 24 192 7.2 144
270 18 1707 24 192 7.2 144
271 18 1430 24 192 7.2 144
272 18 1430 24 192 7.2 144
273 18 1704 24 240 7.2 144
274 6 1828 24 168 7.2 216
275 5 1873 24 72 7.2 72
276 37 531 24 96 7.2 72
277 2 1367 24 72 7.2 144
278 29 1692 48 120 7.2 288
279 29 1693 48 120 7.2 288
280 29 1696 48 120 7.2 288
281 29 1695 48 120 7.2 288
282 29 1694 48 120 7.2 288
283 29 1694 48 120 7.2 288
284 28 605 48 72 7.2 216
285 28 478 48 72 1 30
286 28 604 48 72 1 30
287 28 1442 48 72 1 40
288 28 462 48 72 1 30
289 28 471 48 72 1 40
290 28 1367 48 72 12.8 256
291 28 493 48 72 7.2 288
292 28 604 48 72 7.2 216
293 28 1444 48 72 1 40
294 28 1441 48 72 1 40
295 28 605 48 72 1 30
296 28 1443 48 72 1 40
297 28 508 48 72 7.2 216
298 28 377 48 72 1 30
299 28 490 48 72 1 30
300 28 1367 48 72 8 160

1 1 1 888
2 2 2 888
3 2 2 888
4 3 1 888
5 4 1 888
6 5 1 888
7 5 1 888
8 6 1 888
9 6 1 888
10 7 1 888
11 7 1 888
12 7 1 888
13 7 1 888
14 7 1 888
15 7 1 888
16 7 1 888
17 7 1 888
18 7 1 888
19 7 1 888
20 8 2 888
21 9 1 888
22 10 2 888
23 11 2 888
24 12 2 888
25 13 1 888
26 14 2 888
27 15 1 888
28 16 2 888
29 16 2 888
30 16 2 888
31 16 2 888
32 16 2 888
33 17 2 888
34 17 2 888
35 17 2 888
36 17 2 888
37 17 2 888
38 18 2 888
39 18 2 888
40 18 2 888
41 18 2 888
42 18 2 888
43 18 2 888
44 18 2 888
45 18 2 888
46 18 2 888
47 18 2 888
48 18 2 888
49 18 2 888
50 19 2 888
51 19 2 888
52 19 2 888
53 20 1 888
54 21 1 888
55 21 1 888
56 21 1 888
57 21 1 888
58 21 1 888
59 21 1 888
60 22 2 888
61 22 2 888
62 22 2 888
63 22 2 888
64 22 2 888
65 22 2 888
66 22 2 888
67 22 2 888
68 22 2 888
69 22 2 888
70 22 2 888
71 22 2 888
72 22 2 888
73 22 2 888
74 22 2 888
75 22 2 888
76 22 2 888
77 23 1 888
78 23 1 888
79 23 1 888
80 23 1 888
81 23 1 888
82 23 1 888
83 23 1 888
84 23 1 888
85 23 1 888
86 23 1 888
87 23 1 888
88 23 1 888
89 23 1 888
90 23 1 888
91 23 1 888
92 23 1 888
93 23 1 888
94 24 2 888
95 24 2 888
96 24 2 888
97 24 2 888
98 24 2 888
99 25 2 888
100 25 2 888
101 25 2 888
102 26 1 888
103 26 1 888
104 26 1 888
105 26 1 888
106 26 1 888
107 26 1 888
108 26 1 888
109 27 1 888
110 27 1 888
111 27 1 888
112 27 1 888
113 27 1 888
114 27 1 888
115 28 1 888
116 28 1 888
117 28 1 888
118 28 1 888
119 28 1 888
120 28 1 888
121 28 1 888
122 28 1 888
123 28 1 888
124 28 1 888
125 28 1 888
126 28 1 888
127 28 1 888
128 28 1 888
129 28 1 888
130 28 1 888
131 28 1 888
132 28 1 888
133 28 1 888
134 28 1 888
135 28 1 888
136 28 1 888
137 28 1 888
138 28 1 888
139 28 1 888
140 28 1 888
141 28 1 888
142 28 1 888
143 28 1 888
144 28 1 888
145 28 1 888
146 29 2 888
147 29 2 888
148 29 2 888
149 29 2 888
150 30 2 888
151 31 2 888
152 32 1 888
153 33 2 888
154 34 1 888
155 35 2 888
156 36 1 888
157 37 1 888
158 37 1 888
