176 300 119

1 10 916 0 48 7.2 216
2 6 858 0 96 1.9 57
3 32 911 0 96 2 60
4 18 979 0 48 8.1 243
5 9 870 0 96 0.8 24
6 29 388 0 432 4 40
7 29 650 0 432 4 160
8 29 650 0 432 4 160
9 29 650 0 432 4 160
10 29 388 0 432 4 40
11 29 388 0 432 4 40
12 29 388 0 432 4 40
13 11 975 0 24 1.5 45
14 1 683 0 72 7.2 288
15 1 772 0 72 6.4 64
16 1 682 0 72 7.2 288
17 2 735 0 72 7.2 216
18 2 772 0 72 6.4 64
19 2 730 0 72 7.2 216
20 21 660 0 168 0.6 24
21 21 645 0 72 1.9 76
22 23 979 0 48 13 390
23 32 920 0 48 13 390
24 18 979 0 48 7.2 216
25 32 984 0 96 5 150
26 30 992 0 96 9.8 294
27 21 674 0 72 7.2 288
28 8 1006 0 72 0.7 21
29 36 220 0 24 2 60
30 36 287 0 24 2 60
31 36 249 0 72 3.5 70
32 15 898 0 192 2 60
33 36 20 0 144 7.2 144
34 38 895 0 96 7.2 216
35 36 289 0 24 2 60
36 36 290 0 72 6 180
37 26 708 0 120 12.8 512
38 26 719 0 120 12.8 512
39 26 720 0 120 7.1 284
40 26 720 0 120 7.1 284
41 26 711 0 120 4 160
42 26 722 0 120 4 160
43 16 867 0 96 8 240
44 21 708 0 120 7.2 288
45 21 720 0 24 7.2 288
46 21 721 0 24 7.2 288
47 21 709 0 24 7.2 288
48 21 710 0 24 7.2 288
49 34 895 0 96 2.9 87
50 34 896 0 96 2.9 87
51 21 719 0 120 7.2 288
52 23 850 0 72 1 30
53 19 992 0 96 2.7 81
54 5 433 0 48 7.2 144
55 21 819 0 72 7.2 288
56 24 387 0 72 7.2 216
57 24 176 0 72 7.2 216
58 24 213 0 72 7.2 216
59 24 204 0 168 7.2 216
60 24 204 0 168 7.2 216
61 24 169 0 168 7.2 216
62 24 169 0 168 7.2 216
63 24 199 0 72 7.2 216
64 24 361 0 72 7.2 216
65 24 199 0 72 7.2 216
66 24 199 0 72 7.2 216
67 24 372 0 72 7.2 216
68 24 199 0 72 7.2 216
69 24 372 0 72 7.2 216
70 24 372 0 72 7.2 216
71 24 372 0 72 7.2 216
72 24 372 0 72 7.2 216
73 24 170 0 72 7.2 216
74 24 372 0 72 7.2 216
75 24 372 0 72 7.2 216
76 7 801 0 72 7.2 288
77 21 815 0 72 1.9 76
78 36 309 0 24 5 100
79 36 301 0 24 1 20
80 36 309 0 24 1 20
81 25 206 0 72 7.2 216
82 10 926 0 72 2.9 87
83 10 983 0 72 3.5 105
84 15 893 0 216 2 60
85 10 988 0 72 4.9 147
86 30 1019 0 120 3 90
87 28 1010 0 120 28 840
88 15 1022 0 216 2 60
89 6 892 0 120 1.5 45
90 6 861 0 120 1.9 57
91 17 183 24 24 7.2 72
92 36 352 0 168 0.5 5
93 21 642 0 96 7.2 288
94 21 659 0 96 0.5 5
95 21 664 0 96 7.2 216
96 11 977 0 48 1.5 45
97 11 979 0 48 1.5 45
98 15 158 0 96 1.4 28
99 1 772 0 96 6.4 64
100 1 687 0 96 7.2 216
101 1 674 0 96 7.2 288
102 2 749 0 96 7.2 288
103 2 772 0 96 6.4 64
104 2 705 0 96 7.2 288
105 21 689 0 192 0.6 18
106 21 743 0 72 0.6 18
107 21 687 0 192 0.8 24
108 21 688 0 192 0.6 18
109 21 690 0 96 0.8 24
110 21 669 0 96 3.9 156
111 30 998 0 120 22 660
112 32 921 0 408 13 390
113 18 977 0 72 7.2 216
114 38 861 0 120 7.2 216
115 38 869 0 624 7.2 216
116 38 870 0 1224 7.2 216
117 23 894 0 216 20 600
118 30 1025 0 120 28 840
119 32 904 0 408 52.5 1575
120 30 1010 0 120 39.3 1179
121 21 836 0 48 7.2 216
122 21 700 0 192 7.2 288
123 22 699 0 192 12.8 128
124 21 740 0 192 7.2 216
125 10 988 0 72 2 60
126 36 339 0 168 3.2 128
127 35 118 0 192 3 90
128 35 118 0 192 3 90
129 38 977 0 120 7.2 216
130 38 981 0 120 7.2 216
131 23 896 0 120 20 600
132 33 896 0 120 24 720
133 27 709 0 456 6 240
134 34 859 0 144 2.9 87
135 33 896 0 2424 11.1 333
136 3 722 0 72 7.2 288
137 3 721 0 72 7.2 288
138 3 718 0 72 6.5 260
139 3 719 0 72 7.2 288
140 3 720 0 72 7.2 288
141 3 723 0 72 7.2 288
142 5 563 0 72 7.2 144
143 37 42 0 96 8 160
144 27 405 0 144 7.2 144
145 24 169 0 192 7.2 216
146 29 717 0 192 1.5 30
147 13 822 0 192 7.2 288
148 13 819 0 192 7.2 288
149 13 818 0 192 7.2 288
150 7 801 0 96 7.2 288
151 20 364 0 96 7.2 72
152 10 906 0 96 8.9 267
153 30 1028 0 96 4.8 144
154 10 908 0 96 11.5 345
155 15 869 0 240 2 60
156 30 988 0 96 6.6 198
157 6 928 0 144 0.8 24
158 6 928 0 144 3.1 93
159 10 929 0 96 2.9 87
160 6 909 0 144 0.5 15
161 6 909 0 144 1.6 48
162 10 986 0 96 3.5 105
163 32 921 0 144 1.7 51
164 6 1009 0 144 0.8 24
165 30 1023 0 144 2.7 81
166 36 279 0 192 0.9 36
167 21 691 48 48 1.7 51
168 5 497 0 1344 7.2 216
169 10 913 0 480 0.5 15
170 11 980 24 72 1.5 45
171 11 981 24 72 1.5 45
172 15 955 0 288 1 30
173 1 686 0 120 7.2 288
174 1 787 0 120 1.2 36
175 1 787 0 120 1.2 36
176 1 772 0 120 6.4 64
177 1 660 0 120 7.2 288
178 2 732 0 120 7.2 216
179 2 772 0 120 6.4 64
180 2 733 0 120 7.2 216
181 21 744 0 216 0.6 18
182 21 703 0 120 1.9 76
183 37 84 0 216 7.2 288
184 32 916 0 240 13 390
185 12 926 0 240 26.8 804
186 12 926 0 240 31.5 945
187 23 863 0 240 10.8 324
188 32 903 0 240 52.5 1575
189 19 904 0 648 4.2 126
190 28 1009 0 144 29 870
191 19 921 0 144 3.1 93
192 19 909 0 144 4.2 126
193 32 909 0 840 36 1080
194 19 1028 0 144 4.2 126
195 8 850 0 120 0.7 21
196 36 226 0 120 5.7 171
197 36 228 0 120 5.7 171
198 36 227 24 72 2.8 84
199 8 878 0 96 0.7 21
200 8 879 0 120 0.7 21
201 8 883 0 96 0.7 21
202 8 887 0 96 0.7 21
203 8 894 0 96 0.7 21
204 8 864 0 96 0.7 21
205 8 870 0 96 0.7 21
206 8 903 0 96 0.7 21
207 8 902 0 96 0.7 21
208 8 904 0 96 0.7 21
209 8 984 0 96 0.7 21
210 8 985 0 96 0.7 21
211 8 911 0 96 0.7 21
212 8 912 0 96 0.7 21
213 8 913 0 96 0.7 21
214 8 921 0 120 0.7 21
215 8 974 0 120 0.7 21
216 36 227 24 72 1 30
217 6 909 0 144 0.2 6
218 36 222 0 120 3.5 105
219 36 253 24 72 2 40
220 36 322 0 144 7.4 148
221 36 322 0 144 10 200
222 6 897 0 144 1.5 45
223 38 897 0 144 7.2 216
224 8 897 0 96 0.7 21
225 8 898 0 96 0.7 21
226 6 898 0 144 1.5 45
227 6 898 0 144 2.1 63
228 8 899 0 96 0.7 21
229 8 900 0 96 0.7 21
230 21 651 0 144 2 80
231 21 674 0 144 2 80
232 21 705 0 144 2 80
233 21 651 0 144 2 80
234 21 710 0 144 2 80
235 21 721 0 144 2 80
236 16 861 0 144 8 240
237 16 863 0 144 8 240
238 16 866 0 144 8 240
239 34 865 0 168 2.9 87
240 34 897 0 144 2.9 87
241 28 926 0 336 30.8 924
242 28 930 0 240 30.8 924
243 33 854 0 144 11.2 336
244 3 724 0 96 0.5 20
245 3 725 0 96 0.5 20
246 3 726 0 96 0.5 20
247 3 727 0 96 0.5 20
248 3 728 0 96 0.5 20
249 3 718 0 96 6.4 256
250 5 441 0 96 7.2 144
251 5 500 0 96 6.4 64
252 5 395 0 96 7.2 144
253 27 489 0 168 7.2 144
254 10 1006 0 336 7.2 216
255 24 372 0 216 7.2 216
256 24 372 0 216 7.2 216
257 31 741 0 216 7.2 216
258 31 690 0 216 7.2 216
259 31 660 0 216 7.2 288
260 31 689 0 408 7.2 216
261 31 744 0 408 7.2 216
262 20 171 0 216 7.2 216
263 20 169 0 216 7.2 216
264 4 795 0 120 7.2 288
265 36 329 48 48 7.2 144
266 10 917 24 120 7.2 216
267 18 980 24 120 8.1 243
268 10 923 24 120 7.2 216
269 10 1021 24 120 5.7 171
270 32 986 0 168 2 60
271 6 866 0 168 1.9 57
272 28 904 0 168 30 900
273 6 927 0 168 0.8 24
274 12 927 0 168 4 120
275 6 927 0 168 3.1 93
276 37 66 0 144 3 60
277 14 181 0 504 3.2 128
278 14 776 0 504 3.2 128
279 14 181 0 2256 6.4 256
280 14 181 0 504 3.2 128
281 36 352 0 216 6 60
282 10 987 0 504 2.6 52
283 10 988 0 504 3 90
284 15 85 0 288 0.8 32
285 32 916 0 168 40 1200
286 12 927 24 120 26.8 804
287 12 928 24 120 26.8 804
288 30 1013 24 120 28 840
289 30 1028 24 120 15.8 474
290 23 980 24 120 13 390
291 10 1008 24 120 3.5 105
292 12 927 24 120 31.5 945
293 12 928 24 120 31.5 945
294 19 927 0 672 4.2 126
295 33 890 0 1272 22.8 684
296 32 986 0 168 17 510
297 21 836 0 144 7.2 216
298 38 890 0 672 7.2 216
299 8 873 0 144 0.7 21
300 8 877 24 120 0.7 21

1 1 2 2424
2 1 2 2424
3 1 2 2424
4 1 2 2424
5 2 1 2424
6 2 1 2424
7 2 1 2424
8 3 1 2424
9 3 1 2424
10 3 1 2424
11 4 2 2424
12 5 1 2424
13 5 1 2424
14 5 1 2424
15 6 1 2424
16 6 1 2424
17 7 2 2424
18 8 2 2424
19 9 2 2424
20 10 2 2424
21 10 2 2424
22 10 2 2424
23 10 2 2424
24 10 2 2424
25 11 1 2424
26 12 2 2424
27 12 2 2424
28 12 2 2424
29 12 2 2424
30 12 2 2424
31 12 2 2424
32 12 2 2424
33 12 2 2424
34 12 2 2424
35 13 1 2424
36 13 1 2424
37 14 2 2424
38 15 2 2424
39 16 1 2424
40 16 1 2424
41 17 2 2424
42 18 1 2424
43 18 1 2424
44 19 2 2424
45 19 2 2424
46 20 1 2424
47 20 1 2424
48 21 2 2424
49 21 2 2424
50 21 2 2424
51 21 2 2424
52 21 2 2424
53 21 2 2424
54 21 2 2424
55 22 2 2424
56 23 2 2424
57 23 2 2424
58 23 2 2424
59 23 2 2424
60 24 1 2424
61 24 1 2424
62 24 1 2424
63 24 1 2424
64 24 1 2424
65 24 1 2424
66 24 1 2424
67 24 1 2424
68 25 1 2424
69 26 2 2424
70 26 2 2424
71 26 2 2424
72 27 1 2424
73 28 2 2424
74 28 2 2424
75 28 2 2424
76 28 2 2424
77 28 2 2424
78 28 2 2424
79 28 2 2424
80 28 2 2424
81 29 2 2424
82 29 2 2424
83 30 1 2424
84 30 1 2424
85 30 1 2424
86 30 1 2424
87 30 1 2424
88 30 1 2424
89 30 1 2424
90 30 1 2424
91 31 2 2424
92 31 2 2424
93 32 2 2424
94 32 2 2424
95 32 2 2424
96 32 2 2424
97 32 2 2424
98 32 2 2424
99 32 2 2424
100 32 2 2424
101 32 2 2424
102 32 2 2424
103 32 2 2424
104 32 2 2424
105 33 2 2424
106 33 2 2424
107 33 2 2424
108 33 2 2424
109 34 1 2424
110 35 2 2424
111 36 2 2424
112 36 2 2424
113 36 2 2424
114 36 2 2424
115 36 2 2424
116 37 1 2424
117 38 1 2424
118 38 1 2424
119 38 1 2424
