101 150 71

1 9 916 0 48 7.2 216
2 5 858 0 96 1.9 57
3 27 911 0 96 2 60
4 15 979 0 48 8.1 243
5 8 870 0 96 0.8 24
6 25 388 0 432 4 40
7 25 650 0 432 4 160
8 25 650 0 432 4 160
9 25 650 0 432 4 160
10 25 388 0 432 4 40
11 25 388 0 432 4 40
12 25 388 0 432 4 40
13 10 975 0 24 1.5 45
14 1 683 0 72 7.2 288
15 1 772 0 72 6.4 64
16 1 682 0 72 7.2 288
17 2 735 0 72 7.2 216
18 2 772 0 72 6.4 64
19 2 730 0 72 7.2 216
20 17 660 0 168 0.6 24
21 17 645 0 72 1.9 76
22 19 979 0 48 13 390
23 27 920 0 48 13 390
24 15 979 0 48 7.2 216
25 27 984 0 96 5 150
26 26 992 0 96 9.8 294
27 17 674 0 72 7.2 288
28 7 1006 0 72 0.7 21
29 31 220 0 24 2 60
30 31 287 0 24 2 60
31 31 249 0 72 3.5 70
32 12 898 0 192 2 60
33 31 20 0 144 7.2 144
34 33 895 0 96 7.2 216
35 31 289 0 24 2 60
36 31 290 0 72 6 180
37 22 708 0 120 12.8 512
38 22 719 0 120 12.8 512
39 22 720 0 120 7.1 284
40 22 720 0 120 7.1 284
41 22 711 0 120 4 160
42 22 722 0 120 4 160
43 13 867 0 96 8 240
44 17 708 0 120 7.2 288
45 17 720 0 24 7.2 288
46 17 721 0 24 7.2 288
47 17 709 0 24 7.2 288
48 17 710 0 24 7.2 288
49 29 895 0 96 2.9 87
50 29 896 0 96 2.9 87
51 17 719 0 120 7.2 288
52 19 850 0 72 1 30
53 16 992 0 96 2.7 81
54 4 433 0 48 7.2 144
55 17 819 0 72 7.2 288
56 20 387 0 72 7.2 216
57 20 176 0 72 7.2 216
58 20 213 0 72 7.2 216
59 20 204 0 168 7.2 216
60 20 204 0 168 7.2 216
61 20 169 0 168 7.2 216
62 20 169 0 168 7.2 216
63 20 199 0 72 7.2 216
64 20 361 0 72 7.2 216
65 20 199 0 72 7.2 216
66 20 199 0 72 7.2 216
67 20 372 0 72 7.2 216
68 20 199 0 72 7.2 216
69 20 372 0 72 7.2 216
70 20 372 0 72 7.2 216
71 20 372 0 72 7.2 216
72 20 372 0 72 7.2 216
73 20 170 0 72 7.2 216
74 20 372 0 72 7.2 216
75 20 372 0 72 7.2 216
76 6 801 0 72 7.2 288
77 17 815 0 72 1.9 76
78 31 309 0 24 5 100
79 31 301 0 24 1 20
80 31 309 0 24 1 20
81 21 206 0 72 7.2 216
82 9 926 0 72 2.9 87
83 9 983 0 72 3.5 105
84 12 893 0 216 2 60
85 9 988 0 72 4.9 147
86 26 1019 0 120 3 90
87 24 1010 0 120 28 840
88 12 1022 0 216 2 60
89 5 892 0 120 1.5 45
90 5 861 0 120 1.9 57
91 14 183 24 24 7.2 72
92 31 352 0 168 0.5 5
93 17 642 0 96 7.2 288
94 17 659 0 96 0.5 5
95 17 664 0 96 7.2 216
96 10 977 0 48 1.5 45
97 10 979 0 48 1.5 45
98 12 158 0 96 1.4 28
99 1 772 0 96 6.4 64
100 1 687 0 96 7.2 216
101 1 674 0 96 7.2 288
102 2 749 0 96 7.2 288
103 2 772 0 96 6.4 64
104 2 705 0 96 7.2 288
105 17 689 0 192 0.6 18
106 17 743 0 72 0.6 18
107 17 687 0 192 0.8 24
108 17 688 0 192 0.6 18
109 17 690 0 96 0.8 24
110 17 669 0 96 3.9 156
111 26 998 0 120 22 660
112 27 921 0 408 13 390
113 15 977 0 72 7.2 216
114 33 861 0 120 7.2 216
115 33 869 0 624 7.2 216
116 33 870 0 1224 7.2 216
117 19 894 0 216 20 600
118 26 1025 0 120 28 840
119 27 904 0 408 52.5 1575
120 26 1010 0 120 39.3 1179
121 17 836 0 48 7.2 216
122 17 700 0 192 7.2 288
123 18 699 0 192 12.8 128
124 17 740 0 192 7.2 216
125 9 988 0 72 2 60
126 31 339 0 168 3.2 128
127 30 118 0 192 3 90
128 30 118 0 192 3 90
129 33 977 0 120 7.2 216
130 33 981 0 120 7.2 216
131 19 896 0 120 20 600
132 28 896 0 120 24 720
133 23 709 0 456 6 240
134 29 859 0 144 2.9 87
135 28 896 0 2424 11.1 333
136 3 722 0 72 7.2 288
137 3 721 0 72 7.2 288
138 3 718 0 72 6.5 260
139 3 719 0 72 7.2 288
140 3 720 0 72 7.2 288
141 3 723 0 72 7.2 288
142 4 563 0 72 7.2 144
143 32 42 0 96 8 160
144 23 405 0 144 7.2 144
145 20 169 0 192 7.2 216
146 25 717 0 192 1.5 30
147 11 822 0 192 7.2 288
148 11 819 0 192 7.2 288
149 11 818 0 192 7.2 288
150 6 801 0 96 7.2 288

1 1 2 2424
2 1 2 2424
3 2 1 2424
4 2 1 2424
5 3 1 2424
6 3 1 2424
7 4 2 2424
8 5 1 2424
9 6 1 2424
10 7 2 2424
11 8 2 2424
12 9 2 2424
13 10 2 2424
14 11 1 2424
15 12 2 2424
16 13 1 2424
17 14 2 2424
18 15 2 2424
19 16 1 2424
20 17 2 2424
21 17 2 2424
22 17 2 2424
23 17 2 2424
24 17 2 2424
25 18 1 2424
26 19 2 2424
27 19 2 2424
28 19 2 2424
29 20 1 2424
30 20 1 2424
31 20 1 2424
32 20 1 2424
33 20 1 2424
34 20 1 2424
35 20 1 2424
36 21 2 2424
37 22 2 2424
38 22 2 2424
39 23 2 2424
40 24 1 2424
41 24 1 2424
42 25 1 2424
43 25 1 2424
44 26 2 2424
45 26 2 2424
46 26 2 2424
47 26 2 2424
48 26 2 2424
49 27 1 2424
50 27 1 2424
51 27 1 2424
52 27 1 2424
53 28 2 2424
54 28 2 2424
55 29 2 2424
56 30 1 2424
57 31 2 2424
58 31 2 2424
59 32 2 2424
60 33 2 2424
61 33 2 2424
62 34 1 2424
63 35 2 2424
64 36 2 2424
65 36 2 2424
66 36 2 2424
67 36 2 2424
68 37 1 2424
69 38 1 2424
70 38 1 2424
71 38 1 2424
