91 150 102

1 5 931 0 96 0.8 24
2 13 883 0 48 7.2 216
3 7 785 0 96 0.8 24
4 8 837 0 48 2.9 87
5 18 920 0 96 28 840
6 8 835 0 48 2.9 87
7 8 836 0 48 2.9 87
8 8 894 0 48 3.5 105
9 7 783 0 96 0.8 24
10 8 813 0 48 8.9 267
11 25 267 0 432 1.2 48
12 25 8 0 144 1.2 12
13 19 344 0 432 14 420
14 19 345 0 432 14 420
15 19 554 0 432 14 420
16 19 428 0 432 14 420
17 15 566 0 168 0.7 21
18 24 101 0 168 3 90
19 24 101 0 168 3 90
20 24 327 0 168 3 90
21 24 327 0 168 3 90
22 26 329 0 864 7.2 144
23 21 593 0 168 0.6 6
24 9 886 0 24 1.5 45
25 8 813 0 432 0.5 15
26 1 657 0 72 6.4 64
27 1 657 0 72 7.2 72
28 2 657 0 72 7.2 72
29 16 883 0 48 13 390
30 20 895 0 48 10.8 216
31 22 831 0 96 13 390
32 20 919 0 1200 9 270
33 8 839 0 192 13.2 396
34 27 786 0 600 7.2 216
35 16 798 0 192 20 600
36 23 798 0 600 22.8 684
37 22 830 0 96 108.2 3246
38 27 883 0 96 4.2 126
39 14 919 0 96 4.2 126
40 13 883 0 192 25 750
41 19 545 0 72 4 160
42 19 544 0 72 4 160
43 19 544 0 72 4 160
44 19 544 0 72 4 160
45 19 545 0 72 4 160
46 19 545 0 72 4 160
47 19 545 0 72 4 160
48 19 544 0 72 4 160
49 15 572 0 72 7.2 288
50 15 598 0 72 7.2 288
51 15 567 0 72 7.2 216
52 15 572 0 72 7.2 288
53 15 595 0 72 7.2 216
54 15 555 0 72 7.2 288
55 15 548 0 72 7.2 216
56 15 598 0 72 7.2 288
57 15 570 0 72 7.2 216
58 24 23 0 168 3 90
59 24 23 0 168 3 90
60 27 801 0 600 7.2 216
61 27 801 0 600 7.2 216
62 6 802 0 48 0.7 21
63 6 779 0 48 0.7 21
64 24 98 0 168 3 90
65 24 98 0 168 3 90
66 24 99 0 168 3 90
67 24 99 0 168 3 90
68 24 100 0 168 3 90
69 24 100 0 168 3 90
70 24 103 0 168 3 90
71 24 103 0 168 3 90
72 24 104 0 168 3 90
73 24 104 0 168 3 90
74 24 90 0 168 3 90
75 24 90 0 168 3 90
76 24 92 0 168 3 90
77 24 92 0 168 3 90
78 24 94 0 168 3 90
79 24 94 0 168 3 90
80 24 95 0 168 3 90
81 24 95 0 168 3 90
82 24 112 0 168 3 90
83 24 112 0 168 3 90
84 24 113 0 168 3 90
85 24 113 0 168 3 90
86 24 114 0 168 3 90
87 24 114 0 168 3 90
88 24 116 0 168 3 90
89 24 116 0 168 3 90
90 24 117 0 168 3 90
91 24 117 0 168 3 90
92 24 122 0 168 3 90
93 24 122 0 168 3 90
94 25 209 0 72 27 810
95 24 320 0 168 3 90
96 24 320 0 168 3 90
97 25 227 0 72 24 480
98 6 807 0 48 0.7 21
99 16 804 0 792 20 600
100 23 804 0 192 24 720
101 12 7 0 24 7.2 72
102 6 810 0 48 0.7 21
103 17 600 0 432 6 180
104 11 769 0 72 1 30
105 27 796 0 96 7.2 216
106 23 183 0 216 5.1 51
107 23 769 0 288 6 180
108 23 798 0 600 11.1 333
109 18 819 0 600 25 750
110 14 902 0 96 2.7 81
111 4 431 0 72 6.4 64
112 4 541 0 72 7.2 72
113 3 713 0 72 7.2 72
114 8 914 0 216 7.2 216
115 5 778 0 96 7.2 216
116 6 767 0 48 0.7 21
117 9 938 24 72 2 60
118 8 821 24 72 6.5 195
119 10 801 24 216 2 60
120 7 775 24 120 0.8 24
121 8 828 24 72 7.2 216
122 8 811 24 72 8.9 267
123 12 7 24 48 7.2 72
124 9 884 24 48 1.5 45
125 10 164 24 96 1.4 28
126 1 657 24 96 7.2 72
127 2 657 24 96 7.2 72
128 15 634 24 72 0.6 18
129 15 550 24 96 1.9 57
130 20 907 24 72 22 660
131 22 820 24 72 8 240
132 22 821 24 72 8 240
133 14 839 24 120 4.2 126
134 14 891 24 120 4.2 126
135 27 783 24 120 7.2 216
136 16 783 24 120 10.8 324
137 23 783 24 120 19.6 588
138 22 820 24 1224 16 480
139 20 931 24 216 7.2 216
140 14 820 24 120 4.2 126
141 22 891 24 120 17 510
142 19 543 24 96 1.4 56
143 19 542 24 96 1.4 56
144 19 542 24 96 1.4 56
145 19 542 24 96 1.4 56
146 19 542 24 96 4 160
147 19 543 24 96 1.4 56
148 19 543 24 96 1.4 56
149 19 543 24 96 1.4 56
150 6 769 24 96 0.7 21

1 1 2 1224
2 1 2 1224
3 2 1 1224
4 2 1 1224
5 3 1 1224
6 4 1 1224
7 4 1 1224
8 5 2 1224
9 6 1 1224
10 7 2 1224
11 8 1 1224
12 8 1 1224
13 8 1 1224
14 8 1 1224
15 8 1 1224
16 8 1 1224
17 9 1 1224
18 10 1 1224
19 11 1 1224
20 12 2 1224
21 12 2 1224
22 13 2 1224
23 13 2 1224
24 13 2 1224
25 14 1 1224
26 14 1 1224
27 15 2 1224
28 15 2 1224
29 15 2 1224
30 15 2 1224
31 15 2 1224
32 15 2 1224
33 16 2 1224
34 16 2 1224
35 16 2 1224
36 16 2 1224
37 16 2 1224
38 16 2 1224
39 17 1 1224
40 18 2 1224
41 18 2 1224
42 18 2 1224
43 18 2 1224
44 18 2 1224
45 19 2 1224
46 19 2 1224
47 19 2 1224
48 19 2 1224
49 19 2 1224
50 19 2 1224
51 19 2 1224
52 19 2 1224
53 19 2 1224
54 20 2 1224
55 20 2 1224
56 20 2 1224
57 20 2 1224
58 20 2 1224
59 21 2 1224
60 22 1 1224
61 22 1 1224
62 22 1 1224
63 22 1 1224
64 22 1 1224
65 22 1 1224
66 22 1 1224
67 22 1 1224
68 22 1 1224
69 22 1 1224
70 22 1 1224
71 22 1 1224
72 22 1 1224
73 22 1 1224
74 22 1 1224
75 23 2 1224
76 23 2 1224
77 23 2 1224
78 23 2 1224
79 23 2 1224
80 23 2 1224
81 23 2 1224
82 23 2 1224
83 24 2 1224
84 24 2 1224
85 24 2 1224
86 24 2 1224
87 24 2 1224
88 24 2 1224
89 24 2 1224
90 24 2 1224
91 24 2 1224
92 24 2 1224
93 25 2 1224
94 25 2 1224
95 25 2 1224
96 25 2 1224
97 25 2 1224
98 26 1 1224
99 27 2 1224
100 27 2 1224
101 27 2 1224
102 27 2 1224
