126 150 57

1 1 308 0 48 2.4 72
2 1 300 0 48 2.4 72
3 2 12 0 168 3.5 105
4 2 16 0 168 3.5 105
5 2 8 0 168 3.5 35
6 2 11 0 168 3.5 140
7 2 8 0 168 3.5 140
8 2 9 0 168 3.5 140
9 2 10 0 168 3.5 105
10 2 11 0 168 3.5 140
11 2 11 0 168 3.5 140
12 2 15 0 168 3.5 105
13 2 14 0 168 3.5 105
14 2 17 0 168 3.5 140
15 2 17 0 168 3.5 140
16 2 18 0 168 3.5 105
17 2 18 0 168 3.5 70
18 2 19 0 168 3.5 105
19 2 13 0 168 3.5 105
20 8 241 0 144 13 260
21 6 176 0 72 13 390
22 6 194 0 72 13 390
23 6 286 0 72 13 390
24 6 287 0 72 13 520
25 6 291 0 72 13 390
26 6 285 0 72 13 390
27 6 175 0 72 13 390
28 6 166 0 72 13 390
29 6 183 0 72 13 390
30 6 168 0 72 13 390
31 6 170 0 72 13 390
32 6 171 0 72 13 390
33 6 172 0 72 13 390
34 6 173 0 72 13 390
35 6 174 0 72 13 390
36 6 169 0 72 13 390
37 6 290 0 72 13 390
38 6 179 0 72 13 390
39 6 265 0 72 13 130
40 6 185 0 72 13 390
41 6 184 0 72 13 390
42 6 188 0 72 13 390
43 6 186 0 72 13 390
44 6 167 0 72 13 390
45 6 181 0 72 13 390
46 6 180 0 72 13 390
47 6 189 0 72 13 390
48 6 187 0 72 13 390
49 6 193 0 72 13 390
50 6 191 0 72 13 390
51 6 192 0 72 13 390
52 6 177 0 72 13 390
53 6 288 0 72 13 520
54 6 190 0 72 13 390
55 6 212 0 72 13 390
56 6 195 0 72 13 260
57 6 197 0 72 13 390
58 6 196 0 72 13 260
59 6 198 0 72 13 390
60 6 231 0 72 13 390
61 6 208 0 72 13 390
62 6 209 0 72 13 390
63 6 211 0 72 13 390
64 6 215 0 72 13 390
65 6 213 0 72 13 390
66 6 214 0 72 13 390
67 6 216 0 72 13 390
68 6 230 0 72 13 390
69 6 207 0 72 13 390
70 6 277 0 72 13 520
71 6 182 0 72 13 390
72 6 210 0 72 13 390
73 6 268 0 72 13 390
74 6 217 0 72 13 390
75 6 275 0 72 13 390
76 6 263 0 72 13 390
77 6 264 0 72 13 390
78 6 234 0 72 13 390
79 6 233 0 72 13 390
80 6 274 0 72 13 520
81 6 178 0 72 13 390
82 6 283 0 72 13 390
83 6 284 0 72 13 520
84 6 289 0 72 13 520
85 6 278 0 72 13 520
86 6 281 0 72 13 390
87 6 282 0 72 13 390
88 6 276 0 72 13 390
89 6 292 0 72 13 390
90 6 267 0 72 13 390
91 4 153 0 72 7.2 72
92 3 226 0 72 7.2 72
93 10 330 0 96 3.6 108
94 6 229 0 72 2 60
95 6 229 0 72 2 60
96 6 226 0 72 1.6 16
97 6 226 0 72 1.6 16
98 7 266 0 72 3 30
99 7 266 0 72 3 30
100 3 159 0 72 4 40
101 8 79 0 72 7.2 72
102 5 79 0 72 7.2 72
103 5 121 0 72 7.2 72
104 8 79 0 72 7.2 72
105 8 79 0 72 7.2 72
106 8 79 0 72 7.2 72
107 8 82 0 72 7.2 144
108 9 90 0 72 7.2 144
109 9 91 0 72 7.2 144
110 9 92 0 72 7.2 144
111 9 125 0 72 7.2 144
112 9 126 0 72 7.2 144
113 1 335 24 96 2.4 72
114 10 329 24 120 3.6 108
115 1 302 24 72 2.4 72
116 10 302 24 120 3.6 108
117 1 68 24 72 2.4 72
118 2 93 24 96 1 10
119 2 284 24 96 3 120
120 2 294 24 96 3 30
121 2 286 24 96 3 90
122 2 288 24 96 3 120
123 2 289 24 96 3 120
124 2 281 24 96 3 90
125 2 285 24 96 3 90
126 2 282 24 96 3 90
127 2 287 24 96 3 120
128 2 116 24 96 3.3 99
129 2 128 24 96 3.3 99
130 2 136 24 96 3.3 99
131 2 134 24 96 3.3 99
132 2 133 24 96 3.3 99
133 2 132 24 96 3.3 99
134 2 131 24 96 3.3 99
135 2 294 24 96 3.3 33
136 2 135 24 96 3.3 99
137 2 115 24 96 3.3 99
138 2 114 24 96 3.3 99
139 2 97 24 96 3.3 99
140 2 96 24 96 3.3 99
141 2 95 24 96 3.3 99
142 2 130 24 96 3.3 99
143 2 94 24 96 3.3 99
144 2 129 24 96 3.3 99
145 2 93 24 96 1.5 15
146 2 141 24 96 1.5 45
147 2 142 24 96 1.5 45
148 2 144 24 96 1.5 45
149 2 147 24 96 1.5 45
150 2 148 24 96 1.5 45

1 1 1 168
2 2 2 168
3 2 2 168
4 2 2 168
5 2 2 168
6 2 2 168
7 2 2 168
8 2 2 168
9 3 1 168
10 4 2 168
11 5 2 168
12 6 2 168
13 6 2 168
14 6 2 168
15 6 2 168
16 6 2 168
17 6 2 168
18 6 2 168
19 6 2 168
20 6 2 168
21 6 2 168
22 6 2 168
23 6 2 168
24 6 2 168
25 6 2 168
26 6 2 168
27 6 2 168
28 6 2 168
29 6 2 168
30 6 2 168
31 6 2 168
32 6 2 168
33 6 2 168
34 6 2 168
35 6 2 168
36 6 2 168
37 6 2 168
38 6 2 168
39 6 2 168
40 6 2 168
41 6 2 168
42 6 2 168
43 6 2 168
44 6 2 168
45 6 2 168
46 6 2 168
47 6 2 168
48 6 2 168
49 6 2 168
50 6 2 168
51 7 2 168
52 8 1 168
53 8 1 168
54 8 1 168
55 9 1 168
56 9 1 168
57 10 1 168
