162 300 121

1 4 1323 0 48 1.6 48
2 60 205 0 72 3.3 132
3 49 884 0 216 1 20
4 49 884 0 216 1 20
5 49 884 0 216 1 20
6 49 884 0 216 1 20
7 49 886 0 216 1 20
8 49 886 0 216 1 20
9 49 908 0 216 1 20
10 49 908 0 216 1 20
11 28 250 0 216 1 30
12 28 250 0 216 1 30
13 28 250 0 216 1 30
14 28 251 0 216 1 30
15 52 242 0 48 4 40
16 52 256 0 72 6 180
17 52 256 0 72 18 540
18 47 1245 0 168 6.4 192
19 47 1247 0 168 6.4 192
20 47 1248 0 168 6.4 192
21 47 1249 0 168 6.4 192
22 47 1250 0 168 6.4 192
23 45 416 0 240 16 480
24 45 416 0 240 40 1200
25 49 1118 0 264 1 30
26 1 361 0 360 1 40
27 1 314 0 360 1 40
28 55 1020 0 120 4 160
29 44 291 0 168 4 120
30 44 291 0 168 8 240
31 44 308 0 168 16 480
32 44 247 0 168 4 120
33 53 563 0 168 3.2 64
34 53 563 0 168 6.4 128
35 53 565 0 168 3.2 64
36 53 565 0 168 6.4 128
37 53 566 0 168 3.2 64
38 53 566 0 168 6.4 128
39 53 567 0 168 3.2 64
40 53 567 0 168 6.4 128
41 46 1129 0 168 6.4 128
42 46 1129 0 168 6.4 128
43 53 764 0 72 3.2 128
44 53 764 0 72 12.8 512
45 44 296 0 168 8 240
46 44 296 0 168 16 480
47 44 297 0 168 8 240
48 44 297 0 168 16 480
49 37 300 0 288 6.4 192
50 64 1343 0 48 2.7 81
51 64 1329 0 72 3 30
52 49 695 0 216 1.5 30
53 55 506 0 168 4 40
54 64 1329 0 72 0.7 7
55 64 1284 0 72 6 240
56 3 397 0 72 8 160
57 3 1339 0 72 8 80
58 48 1111 0 288 5 150
59 33 847 0 432 8 240
60 16 1194 0 72 6.4 64
61 16 1194 0 72 6.4 64
62 9 242 0 72 6.4 64
63 10 335 0 72 6.4 64
64 11 267 0 72 6.4 64
65 12 1088 0 72 6.4 64
66 13 1080 0 72 6.4 64
67 14 506 0 72 6.4 64
68 15 369 0 72 6.4 64
69 17 506 0 72 6.4 64
70 18 506 0 72 6.4 64
71 20 466 0 72 6.4 64
72 21 466 0 72 6.4 64
73 22 432 0 72 6.4 64
74 49 1011 0 288 0.5 10
75 49 1003 0 288 0.5 10
76 37 341 0 72 1.6 16
77 41 1225 0 240 1 30
78 34 242 0 72 1 10
79 35 1194 0 72 2 20
80 35 1116 0 72 1.4 14
81 41 671 0 72 4 40
82 41 671 0 72 1 10
83 35 870 0 168 1 20
84 41 1221 0 168 3 30
85 40 357 0 240 12.8 128
86 42 432 0 72 12.8 128
87 34 242 0 72 0.3 3
88 34 242 0 72 0.3 3
89 3 398 0 72 4 40
90 3 392 0 528 2 60
91 3 393 0 528 2 60
92 3 394 0 528 2 60
93 3 395 0 528 2 60
94 3 396 0 528 2 60
95 3 946 0 72 4 160
96 3 946 0 528 2 80
97 25 1293 0 240 6 180
98 39 506 0 240 8 80
99 42 1133 0 72 6.4 64
100 55 1033 0 120 4 120
101 5 947 0 528 7.2 288
102 47 1241 0 24 6.4 64
103 58 1088 0 72 12.8 128
104 8 1133 0 72 6.4 64
105 6 1080 0 168 6.4 64
106 7 869 0 72 6.4 64
107 54 475 0 432 4 160
108 54 1086 0 432 4 160
109 62 139 0 168 7.2 144
110 62 141 0 168 7.2 144
111 38 671 0 72 7.2 72
112 4 1289 0 48 1.3 39
113 4 1289 0 48 1 30
114 35 869 0 168 7.2 72
115 36 1084 0 168 7.2 72
116 5 1097 0 216 7.2 288
117 60 181 0 144 7.2 216
118 48 1106 0 216 7.2 288
119 63 147 0 144 7.2 288
120 19 1241 0 72 7.2 72
121 4 1365 0 96 1.7 51
122 4 1365 0 96 1 30
123 4 1290 24 120 1 30
124 64 1289 24 72 1.8 54
125 24 1293 24 72 1.7 51
126 24 1293 24 72 1.7 51
127 24 1293 24 72 0.5 15
128 24 1293 24 72 0.5 15
129 24 1318 24 72 1.1 33
130 24 1318 24 72 1.1 33
131 24 1318 24 72 1.1 33
132 24 1318 24 72 1.1 33
133 25 1296 24 144 6 180
134 24 1296 24 72 1.8 54
135 24 1296 24 72 1.8 54
136 24 1296 24 72 1.1 33
137 24 1296 24 72 1.1 33
138 64 1287 24 72 1.8 54
139 64 1368 24 96 1.8 54
140 60 193 24 888 1.2 24
141 5 1194 24 192 9.4 94
142 5 506 24 216 12.8 128
143 49 891 24 672 2 60
144 49 885 24 672 2 60
145 52 257 24 144 8 240
146 37 242 24 96 3.2 32
147 1 383 24 384 1.5 45
148 53 1230 24 96 3.2 128
149 53 1230 24 96 12.8 512
150 45 580 24 96 8 240
151 45 580 24 96 16 480
152 45 415 24 264 16 480
153 45 415 24 264 40 1200
154 55 1082 24 144 6.4 256
155 55 1086 24 144 6.4 256
156 55 1087 24 144 6.4 256
157 51 360 24 192 4.1 164
158 51 361 24 192 4.1 164
159 64 1287 24 72 4 120
160 64 1345 24 72 2.9 87
161 56 16 24 96 3.2 96
162 56 16 24 96 3.2 96
163 56 36 24 96 3.2 96
164 56 36 24 96 3.2 96
165 56 37 24 96 3.2 96
166 56 37 24 96 3.2 96
167 56 38 24 96 3.2 96
168 56 38 24 96 3.2 96
169 50 1107 24 384 18 720
170 30 405 24 240 4 120
171 30 1150 24 240 4 120
172 30 1153 24 240 4 120
173 50 1046 24 192 3 90
174 50 1046 24 192 3 90
175 51 361 24 192 8 320
176 51 360 24 192 8 320
177 31 429 24 192 8 320
178 1 362 24 384 1.5 60
179 64 1370 24 96 7.2 216
180 64 1289 24 72 1.2 36
181 27 1321 24 216 7.2 216
182 31 423 24 552 3.2 96
183 31 425 24 552 3.2 96
184 33 848 24 456 8 240
185 24 1284 24 48 12.6 504
186 24 1318 24 72 7.2 216
187 24 1318 24 72 11.8 354
188 25 1318 24 72 2 60
189 64 1323 24 72 0.7 21
190 16 869 24 96 6.4 64
191 16 869 24 96 6.4 64
192 9 242 24 96 6.4 64
193 10 316 24 96 6.4 64
194 11 311 24 96 6.4 64
195 12 369 24 96 6.4 64
196 13 1084 24 96 6.4 64
197 14 391 24 96 6.4 64
198 15 506 24 96 6.4 64
199 17 671 24 96 6.4 64
200 18 671 24 96 6.4 64
201 20 1102 24 96 6.4 64
202 21 465 24 96 6.4 64
203 22 1133 24 96 6.4 64
204 22 1133 24 240 6.4 64
205 37 341 24 96 1.6 16
206 34 242 24 96 1 10
207 35 1194 24 96 2 20
208 35 1116 24 96 1.4 14
209 41 671 24 96 4 40
210 41 671 24 96 1 10
211 40 672 24 192 2 60
212 40 673 24 192 2 60
213 36 475 24 192 1 40
214 34 242 24 96 0.3 3
215 39 399 24 144 12.8 128
216 39 399 24 144 12.8 128
217 27 1324 24 168 7.2 216
218 64 1350 24 72 3.3 99
219 3 398 24 96 4 40
220 3 946 24 96 4 160
221 24 1293 24 264 5.8 174
222 24 1293 24 264 9.4 282
223 25 1293 24 264 2 60
224 26 1288 24 72 1 30
225 4 1288 24 120 1 30
226 24 1293 24 144 7.2 216
227 24 1290 24 144 7.2 216
228 24 1296 24 144 7.2 216
229 24 1293 24 264 7 210
230 47 1241 24 48 2 20
231 58 426 24 96 12.8 128
232 8 671 24 96 6.4 64
233 6 290 24 192 6.4 64
234 7 1221 24 360 7.2 72
235 64 1329 24 96 6 60
236 62 103 24 192 7.2 144
237 62 140 24 192 7.2 144
238 43 242 24 528 12.8 128
239 1 658 24 1632 2 80
240 1 428 24 1632 2 80
241 1 314 24 1632 2 80
242 1 1099 24 1632 2 80
243 1 315 24 1632 2 80
244 62 108 24 192 6.4 192
245 56 261 24 240 3.2 96
246 56 261 24 240 3.2 96
247 56 252 24 240 2 60
248 56 252 24 240 2 60
249 61 166 24 120 7.2 72
250 2 94 24 120 7.2 72
251 43 1241 24 192 7.2 72
252 59 1044 24 384 7.2 288
253 31 657 24 384 5 200
254 33 658 24 240 7.2 288
255 31 865 24 384 5 200
256 19 1194 24 96 7.2 72
257 32 682 24 456 7.2 144
258 64 1350 24 72 1.8 54
259 57 1363 24 120 7.2 216
260 23 1363 24 120 7.2 216
261 4 1343 48 144 1.2 36
262 64 1344 48 96 1.8 54
263 5 869 48 288 38.4 384
264 5 1241 48 168 9.6 96
265 49 907 48 696 2 60
266 49 897 48 696 2 60
267 49 903 48 696 2 60
268 28 280 48 264 1 30
269 29 1037 48 336 1.5 45
270 53 809 48 192 3.2 64
271 53 809 48 192 12.8 256
272 37 242 48 120 3.2 32
273 52 245 48 120 8 160
274 52 245 48 120 16 320
275 52 244 48 120 8 160
276 52 244 48 120 16 320
277 52 249 48 216 16 640
278 52 251 48 216 16 480
279 52 253 48 120 6 180
280 52 253 48 120 12 360
281 52 254 48 120 6 180
282 52 254 48 120 18 540
283 52 255 48 120 6 180
284 52 255 48 120 18 540
285 54 1082 48 576 2 80
286 54 1082 48 576 1 40
287 54 1106 48 576 2 80
288 54 1106 48 576 1 40
289 54 475 48 216 2 80
290 54 496 48 216 1 40
291 54 475 48 216 1 40
292 54 493 48 216 1 40
293 53 795 48 216 3.2 64
294 53 795 48 216 12.8 256
295 45 413 48 288 16 480
296 45 413 48 288 40 1200
297 45 418 48 288 16 480
298 45 418 48 288 40 1200
299 56 1110 48 216 3.2 128
300 56 1110 48 216 3.2 128

1 1 2 1632
2 2 1 1632
3 3 1 1632
4 3 1 1632
5 3 1 1632
6 4 2 1632
7 5 1 1632
8 5 1 1632
9 5 1 1632
10 5 1 1632
11 5 1 1632
12 6 1 1632
13 7 2 1632
14 8 2 1632
15 9 2 1632
16 10 2 1632
17 11 1 1632
18 12 2 1632
19 13 1 1632
20 14 2 1632
21 15 2 1632
22 16 1 1632
23 16 1 1632
24 17 2 1632
25 18 1 1632
26 19 2 1632
27 20 1 1632
28 21 2 1632
29 22 2 1632
30 23 2 1632
31 24 1 1632
32 24 1 1632
33 24 1 1632
34 24 1 1632
35 24 1 1632
36 25 1 1632
37 26 2 1632
38 27 1 1632
39 28 2 1632
40 29 2 1632
41 30 1 1632
42 31 2 1632
43 31 2 1632
44 32 2 1632
45 33 2 1632
46 33 2 1632
47 34 1 1632
48 35 2 1632
49 36 2 1632
50 37 1 1632
51 38 1 1632
52 39 2 1632
53 39 2 1632
54 40 2 1632
55 41 1 1632
56 42 2 1632
57 43 2 1632
58 43 2 1632
59 44 1 1632
60 44 1 1632
61 44 1 1632
62 44 1 1632
63 44 1 1632
64 45 2 1632
65 45 2 1632
66 45 2 1632
67 45 2 1632
68 45 2 1632
69 45 2 1632
70 45 2 1632
71 45 2 1632
72 45 2 1632
73 45 2 1632
74 45 2 1632
75 45 2 1632
76 45 2 1632
77 46 2 1632
78 47 2 1632
79 47 2 1632
80 47 2 1632
81 48 2 1632
82 49 1 1632
83 49 1 1632
84 50 1 1632
85 50 1 1632
86 51 1 1632
87 51 1 1632
88 52 1 1632
89 52 1 1632
90 52 1 1632
91 52 1 1632
92 52 1 1632
93 52 1 1632
94 52 1 1632
95 52 1 1632
96 52 1 1632
97 52 1 1632
98 53 2 1632
99 53 2 1632
100 53 2 1632
101 53 2 1632
102 53 2 1632
103 53 2 1632
104 54 2 1632
105 55 2 1632
106 55 2 1632
107 56 2 1632
108 56 2 1632
109 56 2 1632
110 57 1 1632
111 58 1 1632
112 58 1 1632
113 59 1 1632
114 60 1 1632
115 61 2 1632
116 62 1 1632
117 62 1 1632
118 63 2 1632
119 64 1 1632
120 64 1 1632
121 64 1 1632
