288 600 120

1 6 931 0 96 0.8 24
2 21 883 0 48 7.2 216
3 9 785 0 96 0.8 24
4 10 837 0 48 2.9 87
5 27 920 0 96 28 840
6 10 835 0 48 2.9 87
7 10 836 0 48 2.9 87
8 10 894 0 48 3.5 105
9 9 783 0 96 0.8 24
10 10 813 0 48 8.9 267
11 37 267 0 432 1.2 48
12 37 8 0 144 1.2 12
13 28 344 0 432 14 420
14 28 345 0 432 14 420
15 28 554 0 432 14 420
16 28 428 0 432 14 420
17 23 566 0 168 0.7 21
18 35 101 0 168 3 90
19 35 101 0 168 3 90
20 35 327 0 168 3 90
21 35 327 0 168 3 90
22 40 329 0 864 7.2 144
23 31 593 0 168 0.6 6
24 11 886 0 24 1.5 45
25 10 813 0 432 0.5 15
26 1 657 0 72 6.4 64
27 1 657 0 72 7.2 72
28 3 657 0 72 7.2 72
29 24 883 0 48 13 390
30 30 895 0 48 10.8 216
31 32 831 0 96 13 390
32 30 919 0 1200 9 270
33 10 839 0 192 13.2 396
34 41 786 0 600 7.2 216
35 24 798 0 192 20 600
36 33 798 0 600 22.8 684
37 32 830 0 96 108.2 3246
38 41 883 0 96 4.2 126
39 22 919 0 96 4.2 126
40 21 883 0 192 25 750
41 28 545 0 72 4 160
42 28 544 0 72 4 160
43 28 544 0 72 4 160
44 28 544 0 72 4 160
45 28 545 0 72 4 160
46 28 545 0 72 4 160
47 28 545 0 72 4 160
48 28 544 0 72 4 160
49 23 572 0 72 7.2 288
50 23 598 0 72 7.2 288
51 23 567 0 72 7.2 216
52 23 572 0 72 7.2 288
53 23 595 0 72 7.2 216
54 23 555 0 72 7.2 288
55 23 548 0 72 7.2 216
56 23 598 0 72 7.2 288
57 23 570 0 72 7.2 216
58 35 23 0 168 3 90
59 35 23 0 168 3 90
60 41 801 0 600 7.2 216
61 41 801 0 600 7.2 216
62 8 802 0 48 0.7 21
63 8 779 0 48 0.7 21
64 35 98 0 168 3 90
65 35 98 0 168 3 90
66 35 99 0 168 3 90
67 35 99 0 168 3 90
68 35 100 0 168 3 90
69 35 100 0 168 3 90
70 35 103 0 168 3 90
71 35 103 0 168 3 90
72 35 104 0 168 3 90
73 35 104 0 168 3 90
74 35 90 0 168 3 90
75 35 90 0 168 3 90
76 35 92 0 168 3 90
77 35 92 0 168 3 90
78 35 94 0 168 3 90
79 35 94 0 168 3 90
80 35 95 0 168 3 90
81 35 95 0 168 3 90
82 35 112 0 168 3 90
83 35 112 0 168 3 90
84 35 113 0 168 3 90
85 35 113 0 168 3 90
86 35 114 0 168 3 90
87 35 114 0 168 3 90
88 35 116 0 168 3 90
89 35 116 0 168 3 90
90 35 117 0 168 3 90
91 35 117 0 168 3 90
92 35 122 0 168 3 90
93 35 122 0 168 3 90
94 37 209 0 72 27 810
95 35 320 0 168 3 90
96 35 320 0 168 3 90
97 37 227 0 72 24 480
98 8 807 0 48 0.7 21
99 24 804 0 792 20 600
100 33 804 0 192 24 720
101 19 7 0 24 7.2 72
102 8 810 0 48 0.7 21
103 26 600 0 432 6 180
104 18 769 0 72 1 30
105 41 796 0 96 7.2 216
106 33 183 0 216 5.1 51
107 33 769 0 288 6 180
108 33 798 0 600 11.1 333
109 27 819 0 600 25 750
110 22 902 0 96 2.7 81
111 5 431 0 72 6.4 64
112 5 541 0 72 7.2 72
113 4 713 0 72 7.2 72
114 10 914 0 216 7.2 216
115 6 778 0 96 7.2 216
116 8 767 0 48 0.7 21
117 11 938 24 72 2 60
118 10 821 24 72 6.5 195
119 17 801 24 216 2 60
120 9 775 24 120 0.8 24
121 10 828 24 72 7.2 216
122 10 811 24 72 8.9 267
123 19 7 24 48 7.2 72
124 11 884 24 48 1.5 45
125 17 164 24 96 1.4 28
126 1 657 24 96 7.2 72
127 3 657 24 96 7.2 72
128 23 634 24 72 0.6 18
129 23 550 24 96 1.9 57
130 30 907 24 72 22 660
131 32 820 24 72 8 240
132 32 821 24 72 8 240
133 22 839 24 120 4.2 126
134 22 891 24 120 4.2 126
135 41 783 24 120 7.2 216
136 24 783 24 120 10.8 324
137 33 783 24 120 19.6 588
138 32 820 24 1224 16 480
139 30 931 24 216 7.2 216
140 22 820 24 120 4.2 126
141 32 891 24 120 17 510
142 28 543 24 96 1.4 56
143 28 542 24 96 1.4 56
144 28 542 24 96 1.4 56
145 28 542 24 96 1.4 56
146 28 542 24 96 4 160
147 28 543 24 96 1.4 56
148 28 543 24 96 1.4 56
149 28 543 24 96 1.4 56
150 8 769 24 96 0.7 21
151 8 799 24 72 0.7 21
152 8 823 24 96 0.7 21
153 8 883 24 96 0.7 21
154 8 886 24 96 0.7 21
155 8 884 24 96 0.7 21
156 27 895 24 216 10.2 204
157 17 896 24 216 2 60
158 30 895 24 72 20.6 412
159 7 565 24 120 11 110
160 8 805 24 72 0.7 21
161 9 806 24 120 2.3 69
162 29 939 24 168 5.6 168
163 8 804 24 72 0.7 21
164 9 804 24 120 2.3 69
165 17 810 24 216 2 60
166 31 429 24 120 6.4 64
167 32 832 24 3480 53.2 1596
168 33 773 24 120 11.2 336
169 33 783 24 120 11.2 336
170 37 245 24 120 3 60
171 27 820 24 120 25 750
172 5 610 24 96 7.2 288
173 21 888 24 120 7.2 216
174 8 747 24 72 0.7 21
175 23 729 24 96 7.2 288
176 30 914 24 456 7.2 216
177 38 126 24 168 7.2 72
178 6 775 24 120 7.2 216
179 6 787 24 120 7.2 216
180 6 837 24 120 7.2 216
181 6 838 24 120 7.2 216
182 43 748 24 312 7.2 144
183 43 750 24 312 7.2 144
184 43 751 24 312 7.2 144
185 36 757 24 312 7.2 144
186 36 758 24 312 7.2 144
187 36 759 24 312 7.2 144
188 36 760 24 312 7.2 144
189 42 546 24 96 7.2 72
190 42 546 24 96 7.2 72
191 2 599 24 96 7.2 216
192 2 610 24 96 7.2 288
193 2 713 24 96 7.2 72
194 42 593 24 96 7.2 72
195 42 593 24 96 7.2 72
196 2 713 24 96 7.2 72
197 4 671 24 216 7.2 216
198 23 633 24 96 7.2 216
199 23 634 24 96 7.2 216
200 27 833 24 408 30.8 924
201 22 931 48 144 7.2 216
202 6 889 48 144 3.5 105
203 10 819 48 96 6.5 195
204 10 831 48 96 7.2 216
205 10 920 48 144 4.9 147
206 10 908 48 96 3.6 108
207 27 928 48 144 28 840
208 10 834 48 96 2.9 87
209 37 260 48 192 0.9 36
210 19 5 48 72 7.2 72
211 20 6 48 192 7.2 72
212 19 181 48 120 7.2 72
213 19 181 48 192 7.2 72
214 20 8 48 120 7.2 72
215 19 182 48 48 7.2 72
216 14 40 48 192 7.2 72
217 16 552 48 480 2.2 66
218 16 597 48 480 2.2 66
219 11 887 48 72 1.5 45
220 11 889 48 72 1.5 45
221 13 25 48 408 12.8 128
222 1 657 48 120 7.2 72
223 3 657 48 120 7.2 72
224 23 582 48 120 0.8 24
225 23 568 48 216 3.9 117
226 12 839 48 96 34.2 1026
227 30 900 48 96 4.6 138
228 30 902 48 96 4.6 138
229 32 828 48 144 13 390
230 32 819 48 96 8 240
231 32 829 48 240 13 390
232 22 837 48 648 4.2 126
233 24 777 48 144 10.8 324
234 33 777 48 144 19.6 588
235 32 829 48 240 108.2 3246
236 22 829 48 144 3.1 93
237 27 891 48 648 22.8 684
238 16 334 48 1344 5 200
239 16 334 48 1344 5 200
240 16 334 48 1344 5 200
241 37 212 48 120 5.7 171
242 41 799 48 144 7.2 216
243 41 799 48 144 7.2 216
244 8 742 48 192 0.7 21
245 8 790 48 120 0.7 21
246 8 792 48 96 0.7 21
247 8 796 48 96 0.7 21
248 8 803 48 96 0.7 21
249 8 791 48 120 0.7 21
250 8 812 48 96 0.7 21
251 8 811 48 96 0.7 21
252 8 811 48 96 0.7 21
253 8 813 48 96 0.7 21
254 8 892 48 96 0.7 21
255 8 893 48 96 0.7 21
256 8 819 48 96 0.7 21
257 8 819 48 96 0.7 21
258 8 820 48 96 0.7 21
259 8 820 48 96 0.7 21
260 8 821 48 96 0.7 21
261 8 888 48 120 0.7 21
262 8 889 48 120 0.7 21
263 37 263 48 480 1.2 48
264 32 830 48 96 13 390
265 10 920 48 96 3.5 105
266 27 829 48 240 25 750
267 9 791 48 192 2.3 69
268 19 7 48 72 7.2 72
269 18 778 48 144 8 240
270 34 777 48 168 2.9 87
271 26 379 48 360 7.2 216
272 26 377 48 360 7.2 216
273 24 770 48 120 1 30
274 22 901 48 144 2.7 81
275 33 771 48 144 11.2 336
276 33 777 48 144 11.2 336
277 16 597 48 480 3.2 96
278 16 552 48 480 3.2 96
279 5 360 48 96 7.2 72
280 26 501 48 480 7.2 144
281 26 507 48 480 7.2 216
282 26 509 48 480 7.2 216
283 26 496 48 480 7.2 144
284 26 365 48 480 7.2 144
285 26 519 48 480 7.2 144
286 26 499 48 480 7.2 144
287 26 498 48 480 7.2 144
288 26 471 48 480 7.2 144
289 26 508 48 480 7.2 216
290 26 489 48 480 7.2 144
291 26 506 48 480 7.2 216
292 26 488 48 480 7.2 144
293 26 504 48 480 7.2 216
294 26 505 48 480 7.2 216
295 26 502 48 480 7.2 144
296 26 518 48 480 7.2 144
297 17 38 48 336 7.2 72
298 23 718 48 216 7.2 288
299 25 493 48 192 2.1 63
300 23 729 48 264 7.2 288
301 15 724 48 264 7.2 288
302 23 722 48 216 7.2 288
303 23 723 48 216 7.2 288
304 4 724 48 216 7.2 288
305 4 725 48 216 7.2 288
306 12 833 48 240 7.2 216
307 37 302 48 48 7.2 144
308 37 302 48 192 7.2 144
309 6 789 48 144 7.2 216
310 43 749 48 336 7.2 144
311 25 662 48 480 7.2 216
312 25 664 48 480 7.2 216
313 11 882 48 72 1.5 30
314 10 812 72 120 8.9 267
315 17 898 72 264 2 60
316 21 883 72 120 7.2 216
317 27 813 72 168 30 900
318 10 834 72 120 2.9 87
319 19 5 72 216 7.2 72
320 19 182 72 144 7.2 72
321 11 888 72 96 1.5 45
322 1 657 72 144 7.2 72
323 3 657 72 144 7.2 72
324 23 596 72 2160 1.9 57
325 32 826 72 168 13 390
326 10 917 72 120 3.5 105
327 41 775 72 168 7.2 216
328 24 780 72 264 10.8 324
329 33 780 72 264 19.6 588
330 22 813 72 168 4.2 126
331 32 813 72 168 52.5 1575
332 30 919 72 864 39.3 1179
333 27 890 72 168 22.8 684
334 37 310 72 216 3.2 128
335 8 789 72 144 0.7 21
336 8 793 72 96 0.7 21
337 8 801 72 120 0.7 21
338 8 775 72 120 0.7 21
339 8 777 72 120 0.7 21
340 8 778 72 120 0.7 21
341 8 778 72 120 0.7 21
342 8 780 72 120 0.7 21
343 8 780 72 120 0.7 21
344 8 781 72 120 0.7 21
345 8 783 72 120 0.7 21
346 8 784 72 120 0.7 21
347 8 785 72 120 0.7 21
348 8 786 72 120 0.7 21
349 8 787 72 120 0.7 21
350 8 815 72 120 0.7 21
351 8 814 72 120 0.7 21
352 8 893 72 120 0.7 21
353 8 818 72 144 0.7 21
354 8 824 72 144 0.7 21
355 8 826 72 144 0.7 21
356 8 826 72 144 0.7 21
357 8 827 72 144 0.7 21
358 8 829 72 144 0.7 21
359 8 830 72 144 0.7 21
360 8 831 72 144 0.7 21
361 8 817 72 144 0.7 21
362 8 915 72 144 0.7 21
363 8 915 72 144 0.7 21
364 37 213 72 384 6.4 192
365 37 202 72 144 27 810
366 8 806 72 120 0.7 21
367 37 290 72 120 1 20
368 37 290 72 120 10 200
369 34 776 72 192 2.9 87
370 34 786 72 192 2.9 87
371 22 907 72 168 2.7 81
372 33 780 72 168 11.2 336
373 4 431 72 144 7.2 72
374 30 937 72 264 15.8 474
375 7 713 72 144 7.2 72
376 31 547 72 240 12.8 384
377 31 547 72 288 7.2 216
378 37 304 72 72 7.2 144
379 37 304 72 216 7.2 144
380 6 773 72 168 7.2 216
381 8 746 72 120 0.7 21
382 33 767 72 168 7.2 216
383 33 767 72 168 7.2 216
384 32 665 72 96 7.2 216
385 32 670 72 96 7.2 216
386 32 675 72 96 7.2 216
387 32 681 72 96 7.2 216
388 10 833 96 144 2.9 87
389 10 815 96 144 8.9 267
390 10 819 96 144 6.5 195
391 9 797 96 192 2.3 69
392 10 903 96 144 4 120
393 10 906 96 144 4 120
394 37 301 96 528 1.2 24
395 19 5 96 240 7.2 72
396 20 8 96 240 7.2 72
397 37 323 96 240 6 60
398 40 152 96 528 7.2 144
399 32 824 96 144 13 390
400 32 831 96 192 13 390
401 30 919 96 144 9 270
402 21 888 96 192 7.2 216
403 41 780 96 192 7.2 216
404 41 787 96 192 7.2 216
405 24 799 96 288 20 600
406 24 787 96 192 10.8 324
407 33 799 96 288 22.8 684
408 33 787 96 192 41 1230
409 22 828 96 288 3.1 93
410 30 907 96 192 56.7 1701
411 27 922 96 192 18 540
412 30 922 96 192 60.9 1827
413 8 741 96 168 0.7 21
414 8 742 96 240 0.7 21
415 8 796 96 144 0.7 21
416 8 800 96 144 0.7 21
417 8 775 96 144 0.7 21
418 8 776 96 144 0.7 21
419 8 783 96 144 0.7 21
420 8 745 96 168 0.7 21
421 8 786 96 144 0.7 21
422 8 815 96 144 0.7 21
423 8 826 96 168 0.7 21
424 8 915 96 168 0.7 21
425 29 940 96 168 3.2 96
426 29 940 96 168 4.8 144
427 37 207 96 120 2 60
428 37 225 96 168 3.5 70
429 41 805 96 696 7.2 216
430 40 155 96 528 7.2 216
431 37 301 96 168 3.5 70
432 37 301 96 1824 3.5 70
433 18 780 96 192 8 240
434 18 784 96 192 8 240
435 40 154 96 528 7.2 144
436 34 807 96 192 2.9 87
437 37 301 96 168 10 200
438 37 301 96 1824 10 200
439 37 301 96 168 10 200
440 37 301 96 1824 10 200
441 37 301 96 168 27 540
442 37 301 96 1824 27 540
443 37 301 96 168 10 200
444 37 301 96 1824 10 200
445 25 364 96 240 6.4 64
446 33 787 96 192 11.2 336
447 33 799 96 192 11.1 333
448 33 807 96 192 11.1 333
449 37 300 96 96 8 160
450 8 816 96 168 0.7 21
451 31 548 96 264 7.2 216
452 31 560 96 264 7.2 216
453 15 728 96 168 7.2 216
454 37 272 96 120 7.2 144
455 37 272 96 312 7.2 144
456 37 272 96 120 7.2 144
457 37 272 96 312 7.2 144
458 37 272 96 120 7.2 144
459 37 272 96 312 7.2 144
460 37 272 96 120 7.2 144
461 37 272 96 312 7.2 144
462 37 272 96 120 7.2 144
463 37 272 96 312 7.2 144
464 37 272 96 120 7.2 144
465 37 272 96 312 7.2 144
466 37 272 96 120 7.2 144
467 37 272 96 312 7.2 144
468 37 272 96 120 7.2 144
469 37 272 96 312 7.2 144
470 37 274 96 120 7.2 144
471 37 274 96 312 7.2 144
472 37 274 96 120 7.2 144
473 37 274 96 312 7.2 144
474 37 274 96 120 7.2 144
475 37 274 96 312 7.2 144
476 37 274 96 120 7.2 144
477 37 274 96 312 7.2 144
478 37 274 96 120 7.2 144
479 37 274 96 312 7.2 144
480 37 274 96 120 7.2 144
481 37 274 96 312 7.2 144
482 37 274 96 120 7.2 144
483 37 274 96 312 7.2 144
484 37 274 96 120 7.2 144
485 37 274 96 312 7.2 144
486 40 145 96 960 7.2 144
487 6 802 96 192 7.2 216
488 6 809 96 192 7.2 216
489 26 661 96 528 7.2 216
490 25 668 96 528 7.2 216
491 25 669 96 528 7.2 216
492 4 661 96 528 7.2 216
493 4 677 96 528 7.2 216
494 31 598 96 264 7.2 288
495 39 74 96 624 7.2 216
496 39 75 96 624 7.2 216
497 10 833 120 168 2.9 87
498 10 815 120 168 8.9 267
499 10 932 120 216 6 180
500 27 814 120 216 30 900
501 10 896 120 216 2.4 72
502 10 896 120 168 4.9 147
503 10 836 120 168 2.9 87
504 7 581 120 408 4.2 42
505 19 182 120 120 7.2 72
506 16 710 120 2304 6.4 256
507 30 901 120 168 4.6 138
508 32 819 120 168 8 240
509 32 820 120 216 8 240
510 22 890 120 216 4.2 126
511 24 786 120 216 10.8 324
512 32 814 120 216 52.5 1575
513 32 831 120 216 108.2 3246
514 30 932 120 216 7.2 216
515 37 213 120 192 5.7 171
516 8 776 120 168 0.7 21
517 8 785 120 168 0.7 21
518 8 787 120 168 0.7 21
519 8 890 120 168 0.7 21
520 8 891 120 168 0.7 21
521 8 892 120 168 0.7 21
522 8 894 120 168 0.7 21
523 8 889 120 192 0.7 21
524 6 927 120 216 0.8 24
525 20 7 120 192 7.2 72
526 37 216 120 144 2 40
527 37 216 120 984 2 40
528 24 769 120 408 10 300
529 33 774 120 216 11.2 336
530 10 922 120 552 0.5 15
531 26 358 120 552 7.2 144
532 26 439 120 552 7.2 144
533 26 440 120 552 7.2 144
534 26 441 120 552 7.2 144
535 26 442 120 552 7.2 144
536 26 458 120 552 7.2 144
537 26 443 120 552 7.2 144
538 26 469 120 552 7.2 144
539 26 348 120 552 7.2 144
540 26 347 120 552 7.2 144
541 26 457 120 552 7.2 144
542 26 357 120 552 7.2 144
543 26 459 120 552 7.2 144
544 26 472 120 552 7.2 144
545 26 455 120 552 7.2 144
546 26 447 120 552 7.2 144
547 26 474 120 552 7.2 144
548 26 473 120 552 7.2 144
549 26 454 120 552 7.2 144
550 26 453 120 552 7.2 144
551 26 460 120 552 7.2 144
552 26 470 120 552 7.2 144
553 37 282 120 144 1 20
554 37 282 120 336 1 20
555 39 76 120 648 7.2 216
556 27 812 144 240 30 900
557 17 815 144 336 2 60
558 10 819 144 192 6.5 195
559 10 831 144 192 7.2 216
560 17 826 144 336 2 60
561 17 835 144 336 2 60
562 10 894 144 192 3.5 105
563 10 827 144 192 7.2 216
564 17 789 144 336 2 60
565 10 890 144 192 3.5 105
566 17 818 144 336 2 60
567 13 25 144 1872 2 20
568 13 183 144 1872 2 20
569 13 340 144 1872 2 20
570 13 28 144 1872 2 20
571 19 322 144 288 7.2 72
572 19 7 144 168 7.2 72
573 19 7 144 168 7.2 72
574 16 569 144 576 2.2 66
575 3 657 144 216 7.2 72
576 23 634 144 192 0.6 18
577 39 80 144 1224 7.2 144
578 32 827 144 192 13 390
579 32 831 144 192 13 390
580 30 916 144 192 9 270
581 32 817 144 936 26 780
582 22 812 144 240 4.2 126
583 30 917 144 240 39.3 1179
584 23 571 144 216 7.2 216
585 37 213 144 216 5.7 171
586 41 800 144 240 7.2 216
587 8 884 144 216 0.7 21
588 8 887 144 216 0.7 21
589 27 826 144 336 25 750
590 18 777 144 240 8 240
591 34 779 144 264 2.9 87
592 24 769 144 216 1 30
593 16 569 144 576 3.2 96
594 5 599 144 192 7.2 216
595 30 937 144 192 15.8 474
596 26 424 144 576 7.2 144
597 26 482 144 576 7.2 144
598 26 350 144 576 7.2 144
599 26 422 144 576 7.2 144
600 26 526 144 576 7.2 144

1 1 2 3480
2 2 1 3480
3 3 1 3480
4 4 1 3480
5 4 1 3480
6 5 2 3480
7 6 1 3480
8 6 1 3480
9 7 2 3480
10 8 1 3480
11 8 1 3480
12 9 1 3480
13 10 1 3480
14 10 1 3480
15 10 1 3480
16 10 1 3480
17 10 1 3480
18 11 1 3480
19 12 2 3480
20 13 2 3480
21 14 1 3480
22 15 2 3480
23 16 2 3480
24 17 1 3480
25 18 2 3480
26 19 2 3480
27 19 2 3480
28 19 2 3480
29 20 2 3480
30 21 2 3480
31 21 2 3480
32 22 1 3480
33 22 1 3480
34 23 2 3480
35 23 2 3480
36 23 2 3480
37 24 2 3480
38 24 2 3480
39 24 2 3480
40 24 2 3480
41 25 2 3480
42 26 1 3480
43 26 1 3480
44 26 1 3480
45 26 1 3480
46 26 1 3480
47 26 1 3480
48 26 1 3480
49 26 1 3480
50 27 2 3480
51 27 2 3480
52 27 2 3480
53 27 2 3480
54 27 2 3480
55 27 2 3480
56 27 2 3480
57 27 2 3480
58 28 2 3480
59 28 2 3480
60 28 2 3480
61 29 1 3480
62 30 1 3480
63 30 1 3480
64 30 1 3480
65 30 1 3480
66 30 1 3480
67 30 1 3480
68 30 1 3480
69 30 1 3480
70 31 1 3480
71 31 1 3480
72 32 1 3480
73 32 1 3480
74 32 1 3480
75 32 1 3480
76 32 1 3480
77 32 1 3480
78 32 1 3480
79 32 1 3480
80 32 1 3480
81 32 1 3480
82 32 1 3480
83 32 1 3480
84 32 1 3480
85 32 1 3480
86 32 1 3480
87 32 1 3480
88 32 1 3480
89 33 1 3480
90 33 1 3480
91 33 1 3480
92 33 1 3480
93 33 1 3480
94 33 1 3480
95 33 1 3480
96 34 2 3480
97 35 2 3480
98 35 2 3480
99 35 2 3480
100 36 2 3480
101 37 2 3480
102 37 2 3480
103 37 2 3480
104 37 2 3480
105 37 2 3480
106 37 2 3480
107 37 2 3480
108 37 2 3480
109 37 2 3480
110 37 2 3480
111 37 2 3480
112 37 2 3480
113 38 2 3480
114 39 2 3480
115 40 1 3480
116 41 1 3480
117 41 1 3480
118 41 1 3480
119 42 2 3480
120 43 2 3480
